0.2696413758 0.0247684263
0.1921198819 0.0687806207
0.0573827316 0.1719102629
0.0494866312 0.1578948471
0.1727264409 0.0849650107
0.2689852253 0.0242200477
0.2607299451 0.0279860763
0.2663024939 0.0270437753
0.2692558331 0.0256951911
0.2733388895 0.0251491029
0.1128249612 0.1213023503
0.0474711769 0.1629083518
0.0399625221 0.1809498969
0.0501583319 0.1599330939
0.0427853273 0.1774113414
0.0418076697 0.1685797496
0.0437255020 0.1741287708
0.0422013356 0.1760531172
0.0398151836 0.1749978637
0.0408964769 0.1748242543
0.0336183996 0.1980981698
0.0502911949 0.1708934167
0.0567817336 0.1565583802
0.0390561723 0.1764761858
0.0642655921 0.1450645957
0.0517499821 0.1578888176
0.1607176754 0.0903685203
0.2659709724 0.0278054768
0.2715575879 0.0240377426
0.2648789639 0.0302821704
0.1125823906 0.1196233809
0.0527750549 0.1578497544
0.0454482497 0.1659946981
0.0475057754 0.1712618370
0.0498571621 0.1666529448
0.0580467192 0.1461562979
0.1794471060 0.0730875360
0.2743876873 0.0230757824
0.2804703780 0.0211325735
0.2668420700 0.0260810384
0.2713839195 0.0240515006
0.2823008902 0.0202245829
0.1779585327 0.0785086716
0.0395522296 0.1745688628
0.0446884018 0.1714826486
0.0394749193 0.1822795998
0.0428144804 0.1687563992
0.0448926792 0.1791815647
0.0409517044 0.1781988631
0.0861727316 0.1540350199
0.2655455883 0.0271223694
0.2688094539 0.0261156152
0.2633846481 0.0281690196
0.2730714942 0.0213522461
0.2616609041 0.0283736096
0.2597585788 0.0293319539
0.2145354551 0.0532547256
0.2680825409 0.0250350478
0.2755747465 0.0213961876
0.2597371404 0.0293756678
0.2717226162 0.0240951447
0.2496633387 0.0353118223
0.2615797617 0.0289104093
0.2648116323 0.0295703570
0.2638989534 0.0261624995
0.2687575830 0.0257795318
0.2589108087 0.0293871643
0.2618655589 0.0312218321
0.2664001041 0.0260975301
0.2668288311 0.0285041392
0.2646521541 0.0270043052
0.2642630126 0.0268508134
0.2726767783 0.0222097016
0.2755166331 0.0212758377
0.1986621191 0.0639781146
0.2237215244 0.0528237365
0.1636422411 0.0876806097
0.0498196248 0.1630204225
0.0418368563 0.1785600710
0.0420450613 0.1717598502
0.0341715800 0.1831646812
0.1680024128 0.0912787835
0.2659493844 0.0277278936
0.2480147428 0.0341240042
0.2777396154 0.0229941633
0.2610017100 0.0295997331
0.2467926971 0.0383895876
0.2617459349 0.0312816491
0.2691613821 0.0242792894
0.1813046588 0.0751840170
0.2531843539 0.0324864792
0.2677860053 0.0258204881
0.2509010422 0.0391303631
0.2636498925 0.0281095508
0.2702173775 0.0252599842
0.1229222281 0.1158870788
0.0450180445 0.1757199218
0.0579147355 0.1569091773
0.0441919574 0.1774432759
0.0514963803 0.1576838799
0.0429692491 0.1781713713
0.0426631774 0.1757976147
0.0435499252 0.1638669786
0.0461462841 0.1694714400
0.0448022619 0.1710438735
0.0552408267 0.1561271780
0.0360136947 0.1962780883
0.0413517891 0.1816576348
0.0739501074 0.1432573561
0.0340235899 0.1901956780
0.0451675321 0.1647490165
0.0926562434 0.1299777099
0.1402852671 0.1011747504
0.2713364582 0.0239519591
0.2630630901 0.0305795391
0.2512985907 0.0331265685
0.2806656014 0.0196131732
0.2687602555 0.0242672736
0.2727037736 0.0235936235
0.0745556154 0.1476494694
0.0509078090 0.1719733966
0.2699218316 0.0230758436
0.2761331519 0.0231560737
0.2617995546 0.0302344288
0.2693175230 0.0261344259
0.2660195754 0.0266125572
0.2673744688 0.0285849670
0.2679873644 0.0275035237
0.2654020754 0.0273868141
0.2652680216 0.0286169870
0.2649733361 0.0264083774
0.2737744614 0.0247112466
0.1160509859 0.1127058224
0.0708324225 0.1409892215
0.0539663973 0.1612732475
0.0368356362 0.1912880039
0.1740497799 0.0834913147
0.2764577890 0.0212256854
0.2692718599 0.0249630420
0.2493094782 0.0341271854
0.2597020562 0.0313325558
0.2487241016 0.0330189730
0.2688650160 0.0253015341
0.2706647890 0.0246006323
0.2629366709 0.0255043792
0.2719807897 0.0249774407
0.2727047694 0.0255947112
0.2635465489 0.0282705636
0.2508679071 0.0328821518
0.2619534435 0.0288783804
0.2643294586 0.0265397764
0.2358697154 0.0439815746
0.2475635226 0.0401058266
0.2639997443 0.0256216331
0.2794210979 0.0205649160
0.2686556463 0.0256362551
0.2663136824 0.0280524960
0.2729616327 0.0221239366
0.2633919587 0.0273011520
0.2499905574 0.0353943544
0.2638080890 0.0273319963
0.2624921037 0.0306025091
0.2476954794 0.0394953163
0.2682446965 0.0249958746
0.2785456067 0.0228660932
0.1994453809 0.0612269795
0.1836845316 0.0831316864
0.0347771453 0.1900414130
0.0457811240 0.1651618941
0.1825784672 0.0760099412
0.2723920100 0.0255423760
0.2690883918 0.0230368493
0.2598655496 0.0292563607
0.0668146993 0.1636147331
0.0484940535 0.1647034616
0.0514270588 0.1636810433
0.0348187623 0.1976306924
0.1678291981 0.0878796504
0.2582686282 0.0313299127
0.2601001229 0.0300788067
0.2678555963 0.0254302037
0.2681552521 0.0264013579
0.2586501819 0.0313382705
0.2718718658 0.0224576597
0.2708838582 0.0262764518
0.2516401448 0.0344354020
0.2503440670 0.0369153611
0.0463297344 0.1581605562
0.0412364356 0.1761704529
0.0578857564 0.1471503848
0.0483429522 0.1604205224
0.0524935237 0.1564413352
0.0446044694 0.1809768313
0.2392629391 0.0416088490
0.2476365765 0.0362382324
0.2679530941 0.0254907951
0.2576853094 0.0332525560
0.2649141194 0.0273200486
0.0563640122 0.1589598085
0.0491860088 0.1642906476
0.2471505000 0.0351537551
0.2623956650 0.0297341826
0.2483493301 0.0356558859
0.2681919484 0.0277945844
0.2721186296 0.0214708619
0.1891142354 0.0805867208
0.1453383771 0.1058194656
0.2549516299 0.0333832989
0.2729211465 0.0233123551
0.2595475319 0.0300779340
0.2483795631 0.0341943364
0.2685640031 0.0254184604
0.1491894439 0.0955600478
0.1622532362 0.0807214623
0.0450353211 0.1724777162
0.0473583894 0.1729400318
0.0564678919 0.1648027777
0.0492286032 0.1580318343
0.0458520656 0.1821413181
0.0408036554 0.1777429822
0.0669317844 0.1484150289
0.0456105532 0.1780543381
0.0518265330 0.1652503451
0.0421966717 0.1675534436
0.0324385455 0.1989958329
0.0384452102 0.1993281444
0.0521263863 0.1559011932
0.0363167617 0.1928932825
0.0501988129 0.1622158026
0.0593438705 0.1688404539
0.0427099480 0.1726495086
0.0388086316 0.1779146941
0.2358143188 0.0445196249
0.2427130709 0.0399963994
0.2512083277 0.0348567806
0.2453594633 0.0406485084
0.1855908888 0.0731013407
0.0438816927 0.1630183295
0.0405653808 0.1859943860
0.0465538776 0.1651625856
0.0503386473 0.1642090291
0.0606199659 0.1630345769
0.0391525348 0.1768543483
0.0615731451 0.1494315565
0.0435118727 0.1858569336
0.0477046030 0.1659521270
0.0513291446 0.1577398119
0.0428965268 0.1661531168
0.0389408376 0.1834246648
0.1830399338 0.0771178789
0.2666288068 0.0239893529
0.0977105971 0.1288085520
0.0744019084 0.1529846066
0.2596003124 0.0297603957
0.2710107458 0.0217798093
0.2485274147 0.0351603416
0.2748932776 0.0224368179
0.2743738421 0.0215361626
0.0929316922 0.1428861900
0.0557071263 0.1622785519
0.0486631752 0.1646127969
0.2556159489 0.0334592375
0.2547728087 0.0306047554
0.2712153203 0.0220735305
0.2737885123 0.0225648964
0.2699772281 0.0266765793
0.2581729431 0.0290983344
0.2345551090 0.0477766447
0.1856761968 0.0728976021
0.2555316624 0.0340211753
0.2694256329 0.0256195140
0.2641147806 0.0272127241
0.2821747430 0.0200150590
0.2731334129 0.0232259103
0.2505049121 0.0333991509
0.2696300771 0.0251761362
0.2171214909 0.0533624648
0.0354851145 0.1849862097
0.0421020671 0.1746874447
0.0503817378 0.1568109613
0.0354937071 0.1886561083
0.0405745076 0.1805670762
0.0571378597 0.1675766388
0.0549105561 0.1420679503
0.0557952158 0.1520158311
0.0454995831 0.1749329933
0.0472777406 0.1584468660
0.2474835926 0.0390350336
0.2808815972 0.0208958570
0.2443617203 0.0380321058
0.1184650880 0.1163138280
0.0446617461 0.1726976030
0.0452269919 0.1763761445
0.0420809333 0.1810269491
0.0473950943 0.1645931176
0.0341879698 0.1993647682
0.0448622286 0.1676697081
0.0554003274 0.1521603776
0.0423221374 0.1868083551
0.0459133026 0.1694621015
0.0420500817 0.1753213121
0.0554196549 0.1686382663
0.0403990983 0.1748242620
0.0448268969 0.1708058857
0.0434694195 0.1800298640
0.0411903476 0.1743192641
0.0347425959 0.1834510828
0.0517363244 0.1719680219
0.0405433809 0.1675460064
0.0581675309 0.1520007707
0.0503947453 0.1545982709
0.1250862614 0.1175460151
0.2655024799 0.0272312595
0.2642612634 0.0275685232
0.2700725792 0.0244911697
0.2629970893 0.0256507502
0.2765608187 0.0205577586
0.2653618963 0.0256988660
0.2689446287 0.0260602409
0.1471012802 0.0910711320
0.0799157951 0.1436243488
0.0417533578 0.1706625309
0.0437967355 0.1680391374
0.0424748903 0.1825573150
0.0424410203 0.1634179976
0.0503003316 0.1658671600
0.0668992630 0.1525381476
0.0391637957 0.1740836243
0.0368443876 0.1879730161
0.0699959353 0.1408546625
0.0432781012 0.1739011933
0.0371665818 0.1874487049
0.0614690692 0.1529850427
0.0717906433 0.1512343586
0.0535268723 0.1584977667
0.2325600941 0.0423985646
0.2096568761 0.0581792361
0.2535248008 0.0345155901
0.2601612139 0.0275781844
0.2712871930 0.0244552769
0.2718729764 0.0240281947
0.2658025564 0.0277374204
0.2083991402 0.0605484623
0.0394133599 0.1726809434
0.0412008394 0.1739533697
0.0390639198 0.1905160507
0.0450449336 0.1618654229
0.0455492948 0.1636842508
0.0295965026 0.2033491382
0.0434325794 0.1715843398
0.0533969542 0.1578745482
0.0441108565 0.1686983381
0.0455744307 0.1814478661
0.0368043839 0.1760444828
0.0394122103 0.1762901596
0.0343867042 0.1782350317
0.0450617769 0.1723886158
0.1478294871 0.1000630591
0.0407080943 0.1770225341
0.0382541392 0.1789124151
0.1829579649 0.0755756639
0.2674796941 0.0274347252
0.2708039656 0.0237721420
0.2514965316 0.0365367218
0.2745004358 0.0225199187
0.2580977567 0.0314661698
0.2625948545 0.0286701444
0.2688485953 0.0265658686
0.2685171736 0.0256542621
0.2212138788 0.0508480639
0.0489669515 0.1686476949
0.0351103467 0.1827252494
0.0560724618 0.1487532235
0.0459826527 0.1701985022
0.0478118741 0.1670966042
0.0445795859 0.1673414721
0.0627494047 0.1691317571
0.2239703805 0.0497053956
0.0751636939 0.1412249911
0.0387862303 0.1828995554
0.0406167458 0.1762358789
0.0409184249 0.1665868630
0.0798354547 0.1445585739
0.2573689521 0.0300329758
0.2591251177 0.0318025159
0.2715971446 0.0227300791
0.2468183864 0.0378192453
0.1646556504 0.0944000738
0.2634788424 0.0277046249
0.2704625838 0.0257762070
0.1726173326 0.0808846061
0.0648773418 0.1497982499
0.0349156637 0.1867029650
0.0458930164 0.1674464291
0.0518111454 0.1713336365
0.0508277647 0.1614027909
0.0418189104 0.1803973156
0.1045128217 0.1286443372
0.2442776237 0.0407808467
0.2717057235 0.0221900292
0.0474754701 0.1722998381
0.0558064267 0.1638365908
0.2421502219 0.0414824458
0.2526068586 0.0340937609
0.0925199542 0.1378026703
0.0405361708 0.1783525113
0.0483804963 0.1715455593
0.0454520101 0.1757549754
0.2008772413 0.0660242863
0.2671396586 0.0263388657
0.2714172023 0.0253416348
0.2606451180 0.0300400569
0.2605371068 0.0304675221
0.0533013007 0.1694981001
0.0464819532 0.1712423731
0.0442858853 0.1717565285
0.0458654251 0.1713758903
0.0424193998 0.1725961354
0.0455702978 0.1723670869
0.0556499722 0.1627444253
0.0536206269 0.1653596511
0.0490964018 0.1680085950
0.1216525511 0.1151992083
0.2597134151 0.0299443052
0.2674785616 0.0259408752
0.2552339066 0.0308265800
0.2664154686 0.0273108495
0.2748752985 0.0243055286
0.2766132825 0.0230578739
0.1895243260 0.0745154817
0.0444943009 0.1720094664
0.0451296495 0.1699369284
0.0484530350 0.1681915216
0.0447175760 0.1728935405
0.0455861129 0.1698734213
0.0511537462 0.1654405191
0.0530885376 0.1648545655
0.1901157924 0.0733905039
0.2734958303 0.0215739542
0.1420030761 0.1052765432
0.0428545080 0.1792252728
0.0422916936 0.1743543859
0.0623107039 0.1607844443
0.0483171114 0.1671549305
0.2564381626 0.0320426413
0.2546338603 0.0345239890
0.2646956133 0.0263333588
0.0639543067 0.1581353708
0.0983733616 0.1282414491
0.2596722526 0.0310978823
0.2589332068 0.0312810625
0.2700437290 0.0251241017
0.2764732222 0.0226608162
0.2721728666 0.0247572732
0.2515360247 0.0347500408
0.2693073642 0.0253538255
0.1074674051 0.1268915756
0.0502672493 0.1593263187
0.0399485441 0.1817968529
0.0452949842 0.1672111393
0.0400334933 0.1774606504
0.0853017526 0.1471194738
0.2706602003 0.0254017120
0.2667897231 0.0269125779
0.2704771609 0.0238269829
0.2719969688 0.0228953765
0.2194074164 0.0569037045
0.1103698728 0.1304476246
0.0563286154 0.1670433428
0.0435863751 0.1732386652
0.1606738070 0.0918439539
0.0515379246 0.1606171163
0.0459832553 0.1716618921
0.0432373484 0.1775355128
0.0644229387 0.1535754134
0.2543955461 0.0309656033
0.2690481624 0.0263198304
0.2643291700 0.0278475272
0.2559422427 0.0328426908
0.2545341579 0.0338242501
0.2636982489 0.0292459085
0.2588332633 0.0328420501
0.2436798179 0.0402458416
0.2667364937 0.0263881802
0.1354209426 0.1088707974
0.1771112088 0.0823001839
0.0463630418 0.1701969066
0.2027028694 0.0625505193
0.2725694077 0.0239416837
0.2118034803 0.0602862924
0.2561851171 0.0310474933
0.2362438727 0.0413858575
0.0489681164 0.1654013338
0.0456536852 0.1733515280
0.0440032702 0.1735578806
0.2477309910 0.0373865007
0.1845650290 0.0809473822
0.0424820995 0.1738991658
0.0481977366 0.1647903157
0.0602361225 0.1563380608
0.0519053446 0.1649059101
0.0474272789 0.1690119971
0.0419021559 0.1759908976
0.1730316970 0.0858481463
0.2476963156 0.0339432471
0.2593693136 0.0307013978
0.2751822446 0.0233118816
0.2204700699 0.0572154543
0.0498828982 0.1677462128
0.0482422296 0.1673079078
0.1540593586 0.0987064734
0.2510750614 0.0340324699
0.1784858165 0.0783409912
0.2266599522 0.0518736889
0.0470368303 0.1724734208
0.1021865888 0.1289187851
0.2689186461 0.0252071743
0.2788330398 0.0208738957
0.2682387548 0.0245571731
0.2688338807 0.0246387006
0.2726297994 0.0249285015
0.2564762579 0.0314082537
0.2573940151 0.0334083961
0.2547426026 0.0307337056
0.2620794179 0.0265712639
0.2662176566 0.0258806129
0.2632997107 0.0284290644
0.1721080424 0.0845884640
0.0543178742 0.1555085902
0.0484383129 0.1659326879
0.0524914271 0.1696602557
0.0757346711 0.1495276288
0.2617816607 0.0307110211
0.2534561981 0.0362620696
0.0498036076 0.1635188525
0.0960537554 0.1322360511
0.1491080731 0.1014150269
0.0440111843 0.1739921114
0.0475267735 0.1692075331
0.2430975604 0.0391848806
0.2684688882 0.0261861987
0.2673313115 0.0256151507
0.2331434211 0.0446919479
0.2467491997 0.0377106183
0.2630276433 0.0285549536
0.2730414914 0.0232575700
0.2669730257 0.0260668201
0.2450980855 0.0387897453
0.0713041567 0.1477660433
0.2621430522 0.0305316264
0.2699834599 0.0266372876
0.2576585121 0.0317960156
0.0894214538 0.1405199605
0.1702884178 0.0905642306
0.2600036504 0.0299085666
0.2420168512 0.0408267104
0.2560636219 0.0316890256
0.1892468325 0.0725235864
0.0468037434 0.1706865118
0.0441339446 0.1734042227
0.0664394711 0.1586873171
0.1928138383 0.0734964966
0.2596923656 0.0301494546
0.2706629789 0.0241583394
0.2689568412 0.0259740776
0.2581087797 0.0316982874
0.2687076251 0.0267468288
0.2777700290 0.0224377105
0.2653443474 0.0268825673
0.2588708114 0.0319074266
0.2541622573 0.0334699553
0.2715447324 0.0245220034
0.2246095464 0.0517191714
0.0439206408 0.1730012398
0.0444862123 0.1745861567
0.1140937634 0.1245183026
0.2638863815 0.0288220218
0.2602245223 0.0304613993
0.0993383902 0.1342612313
0.0429514119 0.1765048461
0.1314598807 0.1145743832
0.2512635248 0.0357672527
0.2717397392 0.0244061874
0.2657820804 0.0268187026
0.2485892384 0.0366831367
0.2652534602 0.0280871241
0.2699345605 0.0259307237
0.2605792152 0.0291589744
0.2596150417 0.0289234369
0.2610872691 0.0298464583
0.2547587141 0.0333673223
0.2584481306 0.0323850901
0.2563228927 0.0308394583
0.2643321952 0.0283236799
0.2620264038 0.0305213738
0.2598727089 0.0294724759
0.1008906396 0.1320439745
0.0403745396 0.1789300474
0.0531750732 0.1615623583
0.0480364895 0.1710303717
0.2738595441 0.0247814793
0.2698757291 0.0235561596
0.2753610815 0.0225468346
0.2268042886 0.0504552762
0.2730216826 0.0223364708
0.2653969584 0.0276253974
0.1346007027 0.1085797419
0.0451051233 0.1746459683
0.0418249484 0.1719865048
0.0483691466 0.1714662866
0.2055177070 0.0601591470
0.2515727076 0.0339455217
0.2660294696 0.0288295123
0.2633824169 0.0301304218
0.1378106473 0.1082740656
0.0557236854 0.1578796216
0.2313388231 0.0494260232
0.2796305128 0.0223172675
0.2723300114 0.0245364981
0.2659159494 0.0254624521
0.2571149676 0.0318284706
0.2289357395 0.0479987097
0.1933585436 0.0666343001
0.2167579531 0.0508126567
0.2636524955 0.0261385114
0.2532488874 0.0333896756
0.2636050103 0.0256499261
0.1651682834 0.0877262314
0.2578024058 0.0324338434
0.2135212938 0.0570973758
0.0449481699 0.1739246129
0.0546718629 0.1540799948
0.0398780594 0.1834115794
0.0453592997 0.1774115612
0.1708090509 0.0812100477
0.2582013759 0.0310736704
0.2456029351 0.0364841539
0.2641186944 0.0288678198
0.1470083440 0.0938576278
0.0498109148 0.1572872923
0.2015628379 0.0676376080
0.2678381279 0.0274907849
0.2705644343 0.0232534915
0.2594535577 0.0310933561
0.2595095649 0.0318394561
0.2748455674 0.0244094831
0.2573752691 0.0305945200
0.2669649638 0.0261702324
0.2624482071 0.0285541009
0.2527758922 0.0330338599
0.2631892859 0.0276551598
0.2737429081 0.0223889983
0.2558178337 0.0310373445
0.2687954732 0.0246637965
0.2630436679 0.0267645486
0.2682292934 0.0275938527
0.1352936158 0.1219140225
0.1738701952 0.0840611199
0.2713263859 0.0244913014
0.2764379824 0.0214870791
0.2399517696 0.0401379126
0.2501845213 0.0385648662
0.2611475869 0.0289748223
0.2676519293 0.0266471405
0.2710916326 0.0248487978
0.2684019100 0.0263957351
0.2569345668 0.0308485253
0.2690722969 0.0250071680
0.2680030151 0.0270757191
0.2734560257 0.0226053852
0.2729821598 0.0208413019
0.2338175976 0.0390140518
0.2553496650 0.0332015595
0.2714648357 0.0235599144
0.2704250038 0.0243590791
0.2589080941 0.0306104134
0.2654916359 0.0265419553
0.2595877585 0.0297026863
0.2655798608 0.0265864504
0.2616507855 0.0275591289
0.2569079781 0.0330506147
0.2723789546 0.0241054917
0.2752715469 0.0213323601
0.2723802217 0.0243857429
0.2735557031 0.0255685464
0.2583023648 0.0316702690
0.2593722458 0.0308723667
0.2531025320 0.0339766740
0.2686756864 0.0253051762
0.2667366222 0.0238733189
0.2665779942 0.0268466658
0.2678249951 0.0273161853
0.2612448616 0.0279360999
0.2626959774 0.0275807111
0.2641033726 0.0288282977
0.2666522173 0.0279799586
0.2784413434 0.0223225318
0.1933392514 0.0672314531
0.0579498003 0.1676762659
0.0455976414 0.1662112545
0.0349365321 0.1884047067
0.0470358381 0.1713818416
0.0373766821 0.1786941616
0.0425323241 0.1794002351
0.1270114102 0.1174929369
0.2505010302 0.0361587661
0.2656941076 0.0252089944
0.2604933098 0.0319125507
0.2619763479 0.0306266994
0.2498589134 0.0357108199
0.2814189483 0.0218398593
0.2763267190 0.0219353333
0.2763076944 0.0203800828
0.2731467496 0.0236213465
0.2459670909 0.0396206295
0.2645457137 0.0278644234
0.2591101227 0.0293626920
0.2725201206 0.0228981208
0.2199713836 0.0498734178
0.2782824234 0.0215134505
0.2702049120 0.0246008961
0.1393142559 0.1056065419
0.2754772293 0.0216069774
0.2694056312 0.0272809886
0.2742615439 0.0226422981
0.2630571278 0.0280501978
0.2754741081 0.0238360164
0.2533636208 0.0333652658
0.1361330902 0.1040097211
0.0477810188 0.1623272552
0.0400256742 0.1755994227
0.0848585397 0.1236430397
0.0450690084 0.1753306006
0.0467733950 0.1733474972
0.0504106937 0.1662067381
0.0426073701 0.1780794059
0.0524384912 0.1665231405
0.0428471865 0.1632553999
0.0442039863 0.1744184319
0.0701736831 0.1472815493
0.0383348259 0.1893479703
0.0559638473 0.1538765254
0.0546957787 0.1599999586
0.0423167795 0.1715974038
0.0404609182 0.1764627004
0.0370121037 0.1821843002
0.0388912462 0.1878995526
0.0394929909 0.1865602018
0.0387659019 0.1779931593
0.0438520401 0.1770727321
0.0372957628 0.1881737296
0.0465588192 0.1644347653
0.0436824404 0.1805564509
0.0789062686 0.1440252426
0.0355649311 0.1989508805
0.0476835633 0.1664951991
0.0421006736 0.1745850589
0.0849684483 0.1420442164
0.2646250451 0.0281096184
0.2719089859 0.0249983178
0.2674985038 0.0268755419
0.2548512624 0.0338308317
0.2519141964 0.0334840139
0.2727557917 0.0235268414
0.2730663583 0.0237272501
0.2612408686 0.0295928269
0.2401209584 0.0402866954
0.2653116131 0.0272194468
0.2714744110 0.0267428815
0.2772991138 0.0218698582
0.2716678434 0.0248287780
0.2646900324 0.0310675449
0.2217130386 0.0517050275
0.2428623979 0.0406123350
0.2555396543 0.0343254857
0.2585962163 0.0301318578
0.2569404229 0.0335709899
0.0395044852 0.1862378370
0.0447970894 0.1729799031
0.0456837407 0.1789813321
0.0451591669 0.1721609729
0.0522061404 0.1566186433
0.1138337887 0.1131432919
0.2622783244 0.0302258886
0.2727809859 0.0256911244
0.2617420358 0.0292344158
0.2709430452 0.0266455586
0.2390206207 0.0400230553
0.2507008240 0.0367737177
0.2696170066 0.0277704946
0.2585275888 0.0308447350
0.2678539914 0.0262440193
0.2672531124 0.0260472831
0.1484012182 0.1060089434
0.1892329539 0.0793925864
0.2614599546 0.0270554720
0.2744883741 0.0235045759
0.2770599335 0.0218188524
0.2635792452 0.0281798354
0.2625816697 0.0295174652
0.0400600180 0.1825421904
0.0580986337 0.1561858253
0.0402790861 0.1834388062
0.0453911267 0.1674470882
0.1108627008 0.1242439950
0.2712502461 0.0236537225
0.2649650451 0.0287306567
0.2665857187 0.0273602661
0.2582714533 0.0323043106
0.2659936813 0.0274026498
0.2687158121 0.0265003372
0.2707865666 0.0239619018
0.2620575860 0.0313542050
0.2647674509 0.0246814331
0.1998145407 0.0690736276
0.0461128193 0.1728392487
0.1510303688 0.0995281875
0.2561099917 0.0332612911
0.2115281910 0.0574413494
0.2764273064 0.0212358088
0.2505033838 0.0365918319
0.2563209232 0.0316647879
0.1164292200 0.1198881269
0.0491612551 0.1684940896
0.0476289336 0.1650972497
0.0531660302 0.1643022639
0.0479856599 0.1729687673
0.0666175376 0.1521835151
0.0490052464 0.1653615377
0.0506082056 0.1660126279
0.0531310896 0.1621522038
0.0474362104 0.1701417529
0.1156688242 0.1229096998
0.2225521706 0.0549452807
0.2136161521 0.0604930959
0.2612554199 0.0303779146
0.2640331583 0.0270593486
0.2618940969 0.0301404941
0.1699461250 0.0822933304
0.0413709862 0.1778046066
0.0458356342 0.1732183906
0.0412522444 0.1785872153
0.0653981934 0.1572972469
0.0422520877 0.1738738220
0.2163887087 0.0573892458
0.2560617338 0.0319722694
0.2735126681 0.0242198844
0.2692220159 0.0255620389
0.2409489725 0.0421360296
0.2629748922 0.0290547776
0.2418951027 0.0393990744
0.2646013157 0.0265580652
0.2577342224 0.0310659174
0.2130618379 0.0541483937
0.0536608247 0.1584534279
0.0379234521 0.1813014619
0.0648149737 0.1520349213
0.1114770277 0.1301393511
0.0409657521 0.1781837516
0.0566615663 0.1587273179
0.0537084107 0.1642576944
0.0449438713 0.1712115506
0.0578216780 0.1594736291
0.0536212471 0.1639248526
0.0406279707 0.1805643108
0.0392456748 0.1775321818
0.0561221326 0.1583352127
0.0527092664 0.1700928430
0.0391271512 0.1753948384
0.0430215136 0.1717692250
0.0424828936 0.1761901809
0.0610581274 0.1543783142
0.0517537491 0.1664280947
0.0640888324 0.1555482572
0.0417549818 0.1725941976
0.0554522536 0.1616218252
0.2443373692 0.0404087826
0.2748448426 0.0240018621
0.2694726666 0.0249609580
0.2669805144 0.0271575454
0.2498655569 0.0366638072
0.2689929857 0.0260479907
0.2505016861 0.0356038017
0.1533561364 0.1016765648
0.0441614870 0.1722272739
0.0481919489 0.1675012774
0.1091782562 0.1231577898
0.2577900363 0.0330342063
0.2511445052 0.0364106666
0.2650108908 0.0280856796
0.1712242028 0.0841357388
0.0556998128 0.1595381352
0.0404942779 0.1695329291
0.1737148566 0.0849042941
0.2682996036 0.0271878209
0.2566426742 0.0317853515
0.2716777995 0.0244199542
0.2733149310 0.0236870526
0.2652320603 0.0282146793
0.2731157370 0.0244683997
0.2706773993 0.0255461710
0.2649875081 0.0281458256
0.2696676974 0.0261317459
0.1039971731 0.1306570702
0.0534298865 0.1592829642
0.2101104095 0.0613805641
0.2590422338 0.0307357727
0.2728884300 0.0237424790
0.2696919769 0.0251366403
0.2633890380 0.0282160076
0.2674394747 0.0269609561
0.2690830330 0.0253393877
0.2348443022 0.0425700856
0.2696304476 0.0256478015
0.2577444913 0.0321462764
0.2648269110 0.0280127874
0.2685091070 0.0240937788
0.2563930631 0.0338851692
0.2596516849 0.0286835909
0.2430966236 0.0410354562
0.1466423943 0.0938700586
0.2604622348 0.0287351699
0.0976557351 0.1394556807
0.2663484409 0.0279269911
0.2738786479 0.0244276929
0.2680826844 0.0287393793
0.2375266371 0.0425252546
0.2489154096 0.0347073624
0.2656950573 0.0263658457
0.2615569572 0.0288091208
0.2589872086 0.0313249982
0.2537076079 0.0306000993
0.2727896256 0.0237347993
0.1728069159 0.0821760947
0.0566520638 0.1620767412
0.0558702488 0.1610507821
0.0645213399 0.1560842005
0.2155533976 0.0582621036
0.2713817853 0.0244531557
0.2656461778 0.0282619989
0.2747528519 0.0229944616
0.2622677659 0.0293546256
0.2675878586 0.0261557488
0.2731855344 0.0240027899
0.2551021273 0.0334089263
0.2623429285 0.0310207513
0.2652974051 0.0265203102
0.1046394908 0.1290929750
0.0483038094 0.1738235566
0.2363518854 0.0439098449
0.2731814484 0.0219952568
0.2591897308 0.0306365341
0.2540723103 0.0337196154
0.2734552624 0.0232207712
0.2526185986 0.0342365420
0.1501603687 0.0966221295
0.0449971845 0.1684585074
0.0392095533 0.1864428196
0.1433933244 0.1055649049
0.2290104345 0.0459410761
0.2728564819 0.0238919762
0.1824358427 0.0806409162
0.0854942066 0.1407234859
0.2669516581 0.0248871249
0.2556335083 0.0353904583
0.2679331829 0.0266388409
0.2697339870 0.0253091621
0.1809840376 0.0792657759
0.0590393579 0.1493121242
0.0527012621 0.1648015431
0.0396657391 0.1808862964
0.0533997765 0.1646405155
0.0432871951 0.1704538648
0.0948230267 0.1375495340
0.2309912983 0.0488264656
0.0511353131 0.1624501592
0.1066327724 0.1267517152
0.2591083253 0.0318588116
0.2039434317 0.0677210428
0.0646964686 0.1506763996
0.1315386509 0.1092078321
0.2593647559 0.0307847061
0.2519762912 0.0335733142
0.1635778587 0.0888728337
0.0608481998 0.1604506774
0.2717745896 0.0235409586
0.2712314404 0.0251469488
0.2732497817 0.0232090978
0.2497255659 0.0347675169
0.1383364451 0.1075023997
0.0453045239 0.1720932218
0.2015742730 0.0701426589
0.2624795767 0.0275403867
0.2432439021 0.0405739006
0.1740237956 0.0799683833
0.0579668324 0.1595486544
0.0480641296 0.1740341173
0.0524528872 0.1653161549
0.0393461109 0.1764552934
0.0422543282 0.1776554982
0.2637202976 0.0272375038
0.2574311603 0.0322144099
0.2657668016 0.0255230929
0.2674378578 0.0249969521
0.2685069096 0.0285912079
0.2667596125 0.0256969119
0.2096987939 0.0595295672
0.2143143231 0.0558773351
0.2741950252 0.0223330438
0.2762721774 0.0220225993
0.2469970655 0.0370652853
0.2726890761 0.0226882531
0.2642748133 0.0283062053
0.2618264060 0.0274301686
0.1988240629 0.0681194076
0.0496178909 0.1665451644
0.0587839260 0.1614355006
0.0417702409 0.1736781469
0.0431505164 0.1741339946
0.0456242514 0.1675723384
0.0364953712 0.1856520619
0.0618622821 0.1570499501
0.0424158528 0.1721176964
0.0382195413 0.1768917258
0.0387810546 0.1799677808
0.0489732123 0.1724104471
0.0608482009 0.1586787796
0.0451204317 0.1819255156
0.0396258793 0.1810328852
0.0385320279 0.1826820279
0.0749732402 0.1460653983
0.0576051468 0.1677183313
0.0573393725 0.1697287418
0.1819422598 0.0764380520
0.2601428198 0.0264654851
0.1777274779 0.0782383159
0.0375357256 0.1764362773
0.1540507744 0.1002527059
0.2587261053 0.0311382525
0.2716282533 0.0245838144
0.2650212781 0.0260234984
0.1540912614 0.0899794658
0.2457633548 0.0346419784
0.0993398966 0.1208663557
0.0433503615 0.1726133362
0.0470663745 0.1711506174
0.0458568412 0.1684005892
0.0338953842 0.1958729645
0.0451152279 0.1679236072
0.0576465687 0.1557811636
0.0645747824 0.1443929988
0.0570528293 0.1551659461
0.2663324901 0.0279233410
0.2626501331 0.0290671823
0.2566008478 0.0331987103
0.2534819534 0.0307160996
0.2514388541 0.0362532576
0.2655696534 0.0284253947
0.2606267759 0.0289593501
0.2686270271 0.0261551299
0.2659614000 0.0262870498
0.2717128568 0.0239069724
0.2706951919 0.0257192189
0.2695516408 0.0252872831
0.2664477653 0.0279539011
0.1852638099 0.0748566186
0.0472985241 0.1672578461
0.0414953467 0.1806847836
0.0522493438 0.1637129576
0.0573290548 0.1562998611
0.0481417711 0.1627914271
0.0502401536 0.1627043767
0.2244999834 0.0514326737
0.2643222829 0.0277829178
0.2572893998 0.0308860694
0.2582190879 0.0324006266
0.2671026726 0.0247043446
0.2653186871 0.0269481001
0.2606931451 0.0307340715
0.2734371523 0.0212245034
0.2317971442 0.0475163092
0.0435686813 0.1753336740
0.0484333114 0.1638860536
0.0564391776 0.1664545266
0.1131269000 0.1171673994
0.0465600647 0.1701562514
0.0439353546 0.1666653232
0.0433503336 0.1772923496
0.0416872445 0.1714467345
0.1441324103 0.1001085840
0.2640804476 0.0253720528
0.2637664634 0.0304296045
0.2673865069 0.0265784882
0.2582371621 0.0322734669
0.2544927229 0.0347567245
0.2667328152 0.0257345263
0.2819883947 0.0190408797
0.2602974556 0.0310568057
0.2671411499 0.0262566834
0.2602955747 0.0285392128
0.0808312054 0.1432921419
0.2347318231 0.0442072436
0.2691378786 0.0249839361
0.2626114252 0.0301272891
0.2657764583 0.0253759499
0.2158576276 0.0550184263
0.2556848231 0.0317788110
0.2576584896 0.0320344858
0.2333343470 0.0465028674
0.2627756438 0.0283430243
0.1909104105 0.0707244914
0.2661070128 0.0285387914
0.2663796881 0.0253088339
0.2673794844 0.0264481251
0.2299176347 0.0453503062
0.2521893719 0.0337889716
0.2665030639 0.0263532206
0.2749098292 0.0228180877
0.2718359723 0.0238413837
0.2222101951 0.0550289016
0.0453263956 0.1744390453
0.0495786899 0.1651308889
0.0741914375 0.1455441251
0.2631234127 0.0296074317
0.2426285989 0.0418353689
0.1801242244 0.0766432083
0.0622274985 0.1542121743
0.0366632541 0.1899052319
0.0388440659 0.1849956526
0.0631378667 0.1552787091
0.0455176321 0.1675156742
0.0448985919 0.1693718718
0.1645426281 0.0922303508
0.2701606039 0.0244720911
0.2675292671 0.0273039155
0.2407225594 0.0419676827
0.1336658686 0.1060409761
0.0436722256 0.1847140957
0.0355338014 0.1908453445
0.0442220777 0.1740290779
0.0538542183 0.1536573302
0.0497498589 0.1673663842
0.0481328286 0.1638144865
0.0427144569 0.1766869669
0.2600622213 0.0341996685
0.2686765919 0.0258289038
0.2704526422 0.0245394704
0.2665707347 0.0270552294
0.2558802374 0.0325295731
0.2681564734 0.0260502960
0.2731736126 0.0236486321
0.2643198051 0.0266857806
0.2674552568 0.0263685856
0.2678932201 0.0255904912
0.1591665953 0.0936720583
0.0603074565 0.1509773363
0.0814723502 0.1339025878
0.0381619941 0.1878887257
0.0494441336 0.1592602948
0.0973133291 0.1299132917
0.2668310104 0.0277544404
0.0898398535 0.1448060189
0.0409570269 0.1746800986
0.0483599136 0.1624708943
0.0392716439 0.1805377866
0.0517577731 0.1698259093
0.0630940318 0.1539935184
0.0500606290 0.1688444751
0.2040310318 0.0632568717
0.2678393543 0.0248130851
0.2591920106 0.0298380961
0.2601363201 0.0298021041
0.2619319499 0.0294609832
0.2667822988 0.0265806948
0.1233698459 0.1154589289
0.0428886773 0.1703567441
0.0697576651 0.1477731407
0.2702590152 0.0252427664
0.2524381455 0.0332100838
0.1733971201 0.0781974954
0.2598533816 0.0294931064
0.2715300695 0.0241965474
0.2564506184 0.0331109498
0.2662116072 0.0282184643
0.2654281809 0.0294337170
0.2680037796 0.0249887931
0.2701832294 0.0252154302
0.2788213436 0.0198300913
0.2642830801 0.0277637780
0.2666365856 0.0283431844
0.2686544522 0.0272240136
0.2713001034 0.0225447562
0.2624105988 0.0283399126
0.2730527111 0.0235457864
0.1215917003 0.1108055110
0.2633719874 0.0266683570
0.2558049081 0.0314416263
0.2703223598 0.0250985549
0.2553186311 0.0335798377
0.2655054506 0.0297393739
0.2567539404 0.0332972447
0.0912920124 0.1383089616
0.0313685559 0.1982979565
0.0411214959 0.1787468813
0.0554408984 0.1658638247
0.0452014594 0.1766514035
0.0469806334 0.1765768684
0.0633479813 0.1454432259
0.0456236279 0.1708066185
0.0337805494 0.1964780308
0.0455567016 0.1690069673
0.0540689511 0.1579058021
0.2264060247 0.0497772384
0.2691414044 0.0261561768
0.2561025256 0.0331428934
0.2515609329 0.0360653177
0.2610204561 0.0300132503
0.2744565694 0.0243778218
0.2585791380 0.0300647313
0.2691196948 0.0257116616
0.2620773477 0.0264557310
0.2700184174 0.0253412536
0.2596308031 0.0291014842
0.2647798329 0.0284320170
0.2583058929 0.0299211723
0.2341532057 0.0440692488
0.2689636312 0.0244425431
0.2794443346 0.0221103319
0.2715068859 0.0248323374
0.2595317564 0.0308716073
0.2685994816 0.0262883176
0.2562554272 0.0321832908
0.2572967214 0.0313021103
0.2609926717 0.0278202483
0.2605408201 0.0321663698
0.2685500819 0.0246765083
0.2560988465 0.0334845655
0.2424324796 0.0389509404
0.2574673040 0.0331330271
0.2591058491 0.0304901834
0.2378143906 0.0427400368
0.2805662576 0.0200938274
0.2599811123 0.0286311130
0.2786599641 0.0223327064
0.2644445555 0.0290238122
0.1271670864 0.1080367696
0.2100785310 0.0623584898
0.2585548436 0.0288155640
0.2558205221 0.0318194341
0.2724715918 0.0233276084
0.2749874083 0.0218054498
0.2630095923 0.0295893569
0.2822542399 0.0192495051
0.2702688029 0.0220263094
0.2531873911 0.0307106051
0.2600577546 0.0306723816
0.2507003657 0.0329301013
0.2197986757 0.0541731558
0.2720415042 0.0229436268
0.2575658943 0.0311951693
0.1928018570 0.0704090165
0.0426710636 0.1766503940
0.0479683405 0.1636047439
0.0438025402 0.1686009989
0.1287569013 0.1056212289
0.2511506741 0.0345418478
0.1836969582 0.0779469402
0.0917359301 0.1325461174
0.0407080044 0.1879054709
0.0390563307 0.1896507553
0.1636453023 0.0889803789
0.2588607767 0.0301726616
0.2731051855 0.0230240176
0.2594108985 0.0301428236
0.2675646728 0.0255001566
0.2673215144 0.0250352905
0.2592053942 0.0284517546
0.2559345407 0.0332994627
0.2695479137 0.0250868606
0.1366946131 0.1069553121
0.0546693517 0.1646785640
0.0498639637 0.1639087206
0.0448100643 0.1753980746
0.0398682366 0.1810764045
0.2296088855 0.0505157245
0.2649339014 0.0267435261
0.2534114449 0.0333074186
0.2714152176 0.0242492829
0.2478739224 0.0353103464
0.2657893679 0.0280156630
0.2541213286 0.0327336762
0.0571607196 0.1660876066
0.2420690868 0.0421362814
0.2493326980 0.0371565114
0.2501266355 0.0343103301
0.2580223126 0.0298209543
0.2602379576 0.0310361731
0.2725968269 0.0237563999
0.2739268859 0.0240208793
0.2677576061 0.0246561857
0.2727188403 0.0262709996
0.2676021121 0.0273010146
0.1005645896 0.1337390579
0.2597137347 0.0329435923
0.2371453832 0.0411391909
0.2582376517 0.0320580727
0.2740028372 0.0238352161
0.2564733594 0.0325078502
0.2660092595 0.0280645581
0.2633692334 0.0282050273
0.2599532656 0.0311224029
0.2396481883 0.0377039902
0.2640905085 0.0287035151
0.2709554306 0.0259006204
0.2682720213 0.0276985530
0.2599315556 0.0293992201
0.2575616667 0.0326188533
0.2736334228 0.0230831494
0.2679146903 0.0258437437
0.2485815612 0.0391033661
0.2708365404 0.0259985920
0.0499655701 0.1750588387
0.1575628960 0.0995292217
0.2710759521 0.0247553811
0.2777875839 0.0230641382
0.2634336229 0.0274701187
0.2115047747 0.0584550186
0.0443786649 0.1788601093
0.1395161635 0.1078112153
0.2677707054 0.0251148253
0.2836849402 0.0205128280
0.2754167844 0.0223044179
0.2473111689 0.0367478694
0.2296413504 0.0449976376
0.0412085422 0.1793582770
0.0408564751 0.1823346034
0.0327298917 0.1937361135
0.0490319273 0.1614557693
0.0400955595 0.1760040324
0.0399887598 0.1779885690
0.0387890050 0.1752825518
0.0654486836 0.1485942493
0.0479900364 0.1657247699
0.0320556524 0.1991072184
0.0374609338 0.1864008560
0.0388035508 0.1785103275
0.0394071623 0.1907465609
0.0683034256 0.1521158207
0.2710628925 0.0245886447
0.2659688138 0.0269506107
0.1046572786 0.1331405859
0.0576489689 0.1593637499
0.0534940272 0.1577517958
0.0373912470 0.1845691529
0.0511749686 0.1608751718
0.0698772172 0.1380563559
0.2442821522 0.0395447573
0.2662887415 0.0269701041
0.2720526373 0.0256278284
0.2318685315 0.0499501266
0.2668192416 0.0250527745
0.2713095755 0.0255599880
0.2350226336 0.0409455334
0.2541075849 0.0328475113
0.2710873804 0.0262826207
0.2590079567 0.0318275356
0.2562891611 0.0318331454
0.2686696570 0.0276814438
0.2708732107 0.0238311515
0.2557223223 0.0307263554
0.1374915319 0.1072004389
0.2477084172 0.0392547376
0.0566650866 0.1672628613
0.0411444282 0.1700534574
0.0416037071 0.1712487377
0.0516809780 0.1642700923
0.0451146477 0.1768348904
0.0557854965 0.1558536351
0.1960859140 0.0714566747
0.2595908709 0.0304142752
0.2622507176 0.0284965371
0.2717910126 0.0244164197
0.2595913453 0.0293921530
0.1435232496 0.0961704068
0.0474835486 0.1740541910
0.2364092936 0.0463537053
0.2689729453 0.0262122591
0.2623835361 0.0304945216
0.2660929332 0.0261250401
0.2525068609 0.0336200151
0.2603450917 0.0305132162
0.2824079441 0.0201657004
0.2591272569 0.0279566492
0.2473585567 0.0354159856
0.0982662193 0.1278885559
0.0490038161 0.1631945980
0.0351853642 0.1733817361
0.0427822711 0.1748762708
0.0392747601 0.1779384099
0.0465266741 0.1598418414
0.2608171738 0.0304442097
0.2591159791 0.0300311218
0.2666955612 0.0266319489
0.2685610906 0.0266887196
0.2635282759 0.0299896911
0.2711948229 0.0228530485
0.2595602866 0.0311926435
0.2790145233 0.0212909239
0.2472517692 0.0386069462
0.2716288347 0.0231806889
0.2613538684 0.0302843810
0.2722049471 0.0229091272
0.2449657294 0.0383287613
0.2090931164 0.0620786583
0.2607175491 0.0312176193
0.2830614186 0.0185347494
0.2593373672 0.0293004737
0.0686156006 0.1580535040
0.2407688696 0.0414532450
0.2579068198 0.0282361703
0.2641686306 0.0267673076
0.2587109578 0.0304457849
0.1025473581 0.1168329765
0.0484082780 0.1686773139
0.0716328998 0.1446269163
0.2552726001 0.0334928639
0.2598231827 0.0275348552
0.2530142169 0.0349317737
0.0653656643 0.1530315955
0.0607060291 0.1529381054
0.0427985027 0.1743833568
0.0398118472 0.1754190137
0.0731731762 0.1434175917
0.0472271294 0.1665881069
0.0466678724 0.1740024608
0.0434311250 0.1778196352
0.0445841344 0.1730484403
0.0452440700 0.1681229206
0.0483971455 0.1629099755
0.2556902534 0.0350784312
0.2747808339 0.0232781497
0.2637314059 0.0282976424
0.2109904904 0.0571137834
0.0454840114 0.1699529593
0.0344718118 0.1869641422
0.0429054578 0.1750123331
0.0380079872 0.1785088375
0.0415701032 0.1766348305
0.0473203129 0.1731640648
0.0375662257 0.1846230584
0.0434997642 0.1724101717
0.0427757986 0.1736457159
0.0431901293 0.1654868981
0.0352298901 0.1945573308
0.0443184083 0.1784445893
0.0446590801 0.1882351146
0.0450416003 0.1732622333
0.0450816657 0.1716626141
0.0433051214 0.1726178462
0.0474274948 0.1670129793
0.0650345090 0.1431401730
0.2252604787 0.0502097771
0.2651400569 0.0268896158
0.1619478586 0.0882861806
0.2608178072 0.0308519406
0.2642122934 0.0264116593
0.2757365127 0.0237605487
0.2678506700 0.0269730751
0.2009209919 0.0687134529
0.1055115003 0.1200182188
0.2342549664 0.0443908883
0.2655708262 0.0271985314
0.2549470392 0.0333103133
0.2584032750 0.0321909801
0.2692791809 0.0259877099
0.2588974434 0.0301156202
0.2764966096 0.0232805585
0.2662279606 0.0267484117
0.2690954421 0.0259754054
0.2730758745 0.0243755081
0.2529925589 0.0339181613
0.2291003019 0.0505423558
0.2606112450 0.0315250876
0.2695802212 0.0274141223
0.2503856229 0.0331027519
0.2619981800 0.0301290971
0.2714429133 0.0239495889
0.2702879965 0.0255343909
0.2614283136 0.0297918634
0.2692996520 0.0246860347
0.2595463684 0.0270496041
0.2005078957 0.0788111339
0.2717858550 0.0249210213
0.2645221050 0.0253243379
0.2644446099 0.0267953078
0.2734863325 0.0253170881
0.0489192375 0.1704378302
0.0403383709 0.1734038857
0.0532876824 0.1554934154
0.0422590916 0.1710181184
0.0450306689 0.1710318524
0.0486402352 0.1673133914
0.0574031001 0.1539650552
0.0405504009 0.1900086125
0.2499442541 0.0392824913
0.2536403017 0.0365930166
0.2663767012 0.0265514554
0.2684314868 0.0268060019
0.2706481831 0.0248686646
0.2542338829 0.0332089896
0.2689043738 0.0260992621
0.2765363060 0.0219650721
0.1724713132 0.0826620861
0.2548637907 0.0342283708
0.2645313959 0.0291497246
0.1802778459 0.0879770360
0.0539907024 0.1620789323
0.1773157911 0.0803552186
0.2689097209 0.0244739906
0.1621995920 0.0876843442
0.0594958142 0.1494618994
0.0318999218 0.1981736571
0.2461828541 0.0357508976
0.2630300054 0.0286741211
0.2694836253 0.0262926151
0.2732046963 0.0240144933
0.2642271886 0.0269491767
0.2236383184 0.0493869462
0.2545476797 0.0305006891
0.2579376339 0.0317779096
0.2664634523 0.0262740098
0.2723645138 0.0240370374
0.2763615327 0.0221661591
0.2646582347 0.0278623432
0.2588487493 0.0320299893
0.2607898301 0.0292667926
0.2433615271 0.0414189126
0.2675092614 0.0244237346
0.2649424462 0.0275577397
0.2697616194 0.0255826701
0.2648430004 0.0270693151
0.2595612966 0.0317567287
0.2617788785 0.0311728496
0.2644775411 0.0296730904
0.2185287034 0.0563373816
0.2692866813 0.0267352131
0.2656788548 0.0279018531
0.2691889603 0.0245792108
0.0852640096 0.1351746092
0.0346929059 0.1895016134
0.0629397325 0.1518473373
0.0420267014 0.1716053509
0.0467424191 0.1698717678
0.0798235010 0.1524693558
0.1152153546 0.1203329669
0.0469549592 0.1789146291
0.0434788551 0.1657486719
0.0337392263 0.1931383810
0.0405874062 0.1853310649
0.0436671613 0.1810382265
0.0501661946 0.1662576448
0.0470542634 0.1683795471
0.2506544313 0.0378329808
0.1246646592 0.1131920434
0.0394221232 0.1748677461
0.0460591461 0.1613744339
0.0416463882 0.1744680251
0.0644930671 0.1429585281
0.0370206998 0.1933314101
0.0596432588 0.1621755316
0.0494085929 0.1687577871
0.0690446793 0.1438360794
0.0517809924 0.1561707771
0.1726967312 0.0818977711
0.2702341055 0.0259684891
0.2655966100 0.0264416636
0.2562101047 0.0325290291
0.0547229296 0.1687977351
0.0316315130 0.1892009876
0.0568424326 0.1639243170
0.0457495845 0.1754099432
0.0500669134 0.1686734677
0.0461063647 0.1675249349
0.0365143925 0.1773513864
0.0455889611 0.1832432483
0.2565868690 0.0308793744
0.2546793819 0.0321150342
0.2592212038 0.0292194120
0.2605626087 0.0313532454
0.0774354404 0.1478176138
0.0870083058 0.1421226547
0.2659022688 0.0262668068
0.2669432989 0.0248193022
0.2511365406 0.0339587331
0.2554192099 0.0340845652
0.2555318870 0.0334962321
0.2480026853 0.0374597243
0.2401147913 0.0432936466
0.2531785156 0.0341376496
0.2530901017 0.0320834179
0.2672691666 0.0263325982
0.2635421886 0.0288148767
0.2742116737 0.0222107452
0.2542461393 0.0325203403
0.2629866685 0.0269787919
0.0830529666 0.1412904333
0.0443983436 0.1818400388
0.0490677439 0.1675511278
0.1251162454 0.1164690870
0.2727630945 0.0263699188
0.2509780502 0.0345852695
0.0616970164 0.1530572704
0.0458707465 0.1589023760
0.0630440771 0.1453226243
0.0429172884 0.1753556754
0.0455907123 0.1723167132
0.0550783836 0.1592893485
0.0364982062 0.1971839277
0.0389470309 0.1859813164
0.0435906606 0.1794667971
0.0414201928 0.1778538711
0.0345673181 0.1924097547
0.0503563491 0.1700630444
0.0435566175 0.1675566727
0.0780264260 0.1420410855
0.2546588591 0.0346513042
0.2679569340 0.0270065540
0.2706163606 0.0245802954
0.2686559458 0.0248556677
0.2523258115 0.0325296452
0.2656247377 0.0277557386
0.2745159673 0.0232537612
0.1161546616 0.1214686713
0.0482208389 0.1752168766
0.0476117343 0.1668752191
0.0392798596 0.1701337543
0.0519765624 0.1568326420
0.0637671008 0.1565228154
0.0632732446 0.1597135879
0.0423145038 0.1748221511
0.0410645765 0.1757643000
0.0449119857 0.1682207638
0.0390613767 0.1758472147
0.0431583522 0.1719013561
0.0507056803 0.1562341320
0.1891733271 0.0737410521
0.2541999203 0.0343373552
0.2588116259 0.0309518806
0.2434033905 0.0422406726
0.2716232825 0.0262581016
0.2691781247 0.0264253380
0.2501933655 0.0311081906
0.2554424826 0.0288353091
0.2503236681 0.0346659958
0.2509565883 0.0377360916
0.2795640166 0.0213767922
0.2627103559 0.0288486282
0.2650672271 0.0260617960
0.2687762182 0.0247878965
0.1183504029 0.1284840854
0.0592209809 0.1579601515
0.0421928771 0.1758272608
0.0447915496 0.1732342456
0.0354428796 0.1803888060
0.0533285975 0.1563881824
0.0764398388 0.1293590092
0.0423713286 0.1770210658
0.0349929244 0.1921328924
0.0416420584 0.1790449210
0.0378825513 0.1819359368
0.0511975274 0.1626116638
0.0485251657 0.1752468838
0.0876177542 0.1337131621
0.0512921171 0.1711943317
0.0578475209 0.1603439841
0.0417188431 0.1846354172
0.0376739170 0.1774078782
0.2375196318 0.0416400797
0.2674964726 0.0286956685
0.2672779353 0.0251038993
0.1745663126 0.0765479147
0.2616546046 0.0312198647
0.2867745944 0.0187025594
0.2738010455 0.0212640896
0.2741979794 0.0211106901
0.2584583152 0.0324140455
0.2668281127 0.0263549185
0.2685646578 0.0265428869
0.2719113944 0.0241539799
0.2425465499 0.0395231662
0.1997133564 0.0672342034
0.2595485533 0.0279033015
0.2650722563 0.0291466892
0.2503523609 0.0364042834
0.2701643424 0.0233638377
0.2707338076 0.0235699621
0.2707295179 0.0258865705
0.2660493704 0.0264641216
0.2683113636 0.0254213843
0.2632462760 0.0288443232
0.2584259285 0.0318372988
0.2701590913 0.0257877673
0.0785199479 0.1562742239
0.0829190654 0.1370742746
0.0590255756 0.1559989856
0.0331937271 0.1880814443
0.0569598609 0.1643802295
0.0620467738 0.1584891800
0.0491847244 0.1717364015
0.0437067825 0.1628745035
0.0353835774 0.1913779681
0.0421844419 0.1763017493
0.0578143399 0.1531978717
0.0604078761 0.1448353239
0.0402369713 0.1836378552
0.0507971238 0.1752870664
0.0584419328 0.1573266567
0.2322929413 0.0498853339
0.0468156249 0.1705592914
0.0403170974 0.1814914596
0.0565243032 0.1503019286
0.0514992062 0.1632817996
0.0399462189 0.1808758247
0.0428171753 0.1801261929
0.0475993821 0.1661306500
0.0955806558 0.1344235189
0.2568269036 0.0323211107
0.2701310339 0.0239821016
0.2569094374 0.0332959819
0.2640669261 0.0282174955
0.2588205437 0.0317212807
0.2749563885 0.0222739907
0.2779671146 0.0193876623
0.2697960721 0.0238168577
0.2674876764 0.0261210814
0.2309450990 0.0451155289
0.2687702987 0.0267138430
0.2700265085 0.0250472910
0.0998505086 0.1328454185
0.0379973143 0.1773758768
0.0399260181 0.1805991650
0.1897488504 0.0697305601
0.2658243444 0.0283911445
0.2633481964 0.0271285239
0.2439722321 0.0417735749
0.2650633924 0.0267207024
0.2298176641 0.0472887409
0.2538878780 0.0325916983
0.2684934811 0.0264197558
0.2720650181 0.0241426328
0.2640405879 0.0287860369
0.2645609448 0.0266748107
0.2706782078 0.0246874818
0.2736378479 0.0235939838
0.2527278152 0.0313732991
0.2116487206 0.0590064751
0.2583020739 0.0301618150
0.1004030349 0.1334546489
0.0428793755 0.1719101975
0.0412644820 0.1784701474
0.0381628137 0.1714052934
0.0511997509 0.1628849026
0.0554144375 0.1673639658
0.0561126701 0.1574012387
0.0465978493 0.1738466444
0.0496442503 0.1623917027
0.0470889824 0.1675696739
0.0358010849 0.1810857969
0.0596626572 0.1529864775
0.0525842464 0.1596877696
0.0558263628 0.1608281821
0.0459262926 0.1688813856
0.0823856564 0.1425287988
0.2600780261 0.0284250141
0.1021191397 0.1256723758
0.0600254601 0.1599272280
0.0441749291 0.1764369241
0.0556973885 0.1548452224
0.0446674923 0.1743251813
0.0572192451 0.1701981780
0.0556115535 0.1559472503
0.0470342384 0.1609340769
0.0637981769 0.1493516520
0.0697427681 0.1524173255
0.0355515745 0.1914778011
0.0514085681 0.1648436438
0.0530664832 0.1677340837
0.0431536643 0.1797701805
0.0481737696 0.1565316154
0.0576862133 0.1634091702
0.0456982682 0.1675023033
0.0373130403 0.1828688222
0.2222427979 0.0536906694
0.2540078405 0.0317889604
0.2575429969 0.0309909977
0.2481061754 0.0355631842
0.2617008373 0.0305517663
0.0895528626 0.1332034918
0.0441180641 0.1682468911
0.0444179773 0.1769323253
0.2591041171 0.0303277086
0.2546878272 0.0335791088
0.2669852120 0.0269691005
0.2536796468 0.0351673091
0.1179616265 0.1245747533
0.0501994726 0.1668661256
0.2068830524 0.0600752392
0.2370435760 0.0439888041
0.2746370369 0.0243436987
0.0786357622 0.1490377335
0.0363980704 0.1906136553
0.0350541561 0.1913716368
0.0411813230 0.1814003822
0.0455945664 0.1632730846
0.0414152503 0.1885982921
0.0582882249 0.1566549591
0.0439336222 0.1737258001
0.0445129004 0.1677187355
0.0634627285 0.1376168900
0.0440709221 0.1695750849
0.0469537270 0.1613537949
0.0445163082 0.1700866954
0.0375641732 0.1778149448
0.0449327547 0.1707201653
0.0509314921 0.1663787481
0.0470949151 0.1662279321
0.1205344535 0.1161384901
0.2715636813 0.0240836596
0.2753404440 0.0225211404
0.2712069324 0.0245553562
0.1928053399 0.0763381112
0.0420103935 0.1669325841
0.0559206136 0.1492656959
0.2487256194 0.0379662126
0.2651737169 0.0283866774
0.2683458916 0.0258316072
0.2679969986 0.0251235621
0.2594512502 0.0301886439
0.2695845140 0.0243797101
0.1932896931 0.0695579043
0.2687238757 0.0270539111
0.2607367119 0.0280874097
0.2658793617 0.0302974295
0.2639951024 0.0288315079
0.2671472061 0.0279731292
0.2706699978 0.0265491210
0.2759746413 0.0217341895
0.0766429668 0.1599406287
0.0446797778 0.1680082244
0.0460328164 0.1788221232
0.0463723595 0.1647977036
0.0381286794 0.1834620843
0.0389222156 0.1803477247
0.0469171397 0.1670286858
0.0774197597 0.1436469053
0.0483562415 0.1677539871
0.2424642338 0.0413939071
0.2713895092 0.0222448653
0.2673878684 0.0272535328
0.2077287365 0.0619907612
0.2274864219 0.0528768183
0.2653083216 0.0274559414
0.2655924861 0.0287136847
0.2744505849 0.0242563364
0.2714817824 0.0244207247
0.2560641394 0.0302353412
0.2750314579 0.0231139286
0.2599782309 0.0309767362
0.2605467519 0.0297740668
0.2564835453 0.0328865284
0.2394869981 0.0413825766
0.1718653539 0.0844654344
0.2487993554 0.0364748794
0.2572670610 0.0315385564
0.2626064192 0.0301237354
0.2241665644 0.0475699199
0.2465907764 0.0367790898
0.2737026752 0.0246751576
0.2569332962 0.0323921284
0.2485773756 0.0352064945
0.1364842190 0.1002699465
0.0491180994 0.1560549592
0.0443176063 0.1751419878
0.0516628494 0.1687755048
0.2483451502 0.0368887325
0.2660348087 0.0285646666
0.2571257196 0.0311613170
0.2632932223 0.0314077159
0.2556961156 0.0301873168
0.2555911811 0.0317158069
0.2745696036 0.0217749969
0.2735796146 0.0250356127
0.1191083432 0.1097989637
0.0415931319 0.1765846282
0.0392515216 0.1785091271
0.0660568858 0.1565228959
0.0575540097 0.1564848356
0.2452924875 0.0369249044
0.2480611162 0.0358280834
0.2487735857 0.0337021554
0.2275401958 0.0481114151
0.0564479376 0.1577079412
0.0679490551 0.1419865204
0.0533170992 0.1585934015
0.0451928916 0.1838085521
0.2563044000 0.0355908653
0.2491039541 0.0358906553
0.2740112423 0.0242899742
0.2633230263 0.0303521128
0.2566195416 0.0309819755
0.2678896291 0.0278451419
0.2091023691 0.0591810092
0.0337647087 0.1942307359
0.0585171388 0.1626245169
0.2283610239 0.0474205619
0.2508745409 0.0311384094
0.2780507503 0.0224166166
0.2706947692 0.0268548531
0.2709644657 0.0232689723
0.2586819661 0.0293329581
0.2368958611 0.0441614829
0.2353657568 0.0392035004
0.2686482463 0.0251299666
0.1538127367 0.0953808368
0.0394004407 0.1834359848
0.0431754137 0.1703969646
0.0555249589 0.1504290804
0.1022171394 0.1393269266
0.2795339760 0.0211445216
0.2350853914 0.0457120739
0.0364903219 0.1854260470
0.0632898191 0.1534498660
0.0480161811 0.1714249688
0.0577353746 0.1574529238
0.0572613523 0.1554592099
0.0679282320 0.1516228425
0.0559763625 0.1564881543
0.0550901769 0.1642604371
0.0430840703 0.1684652114
0.0383308660 0.1779283156
0.0728043600 0.1581548208
0.2626035166 0.0316543164
0.0882898157 0.1392008888
0.0642947884 0.1477308566
0.0374425297 0.1871084196
0.0625861548 0.1523579773
0.0389116958 0.1805589934
0.0479445750 0.1602063717
0.0431306097 0.1756427724
0.0453313280 0.1764254473
0.0445199541 0.1762047089
0.0399055642 0.1853796188
0.0380447235 0.1867418184
0.0435639987 0.1720079221
0.0501534920 0.1612302287
0.1328727384 0.1084109286
0.2611742251 0.0301307313
0.2561374606 0.0287816053
0.2601566177 0.0292945319
0.2679878836 0.0282464144
0.2758894248 0.0213516620
0.2647047852 0.0290995964
0.2696213799 0.0249948504
0.2649476359 0.0273752435
0.2393678544 0.0381311417
0.2601823951 0.0316279199
0.2728524496 0.0248899207
0.2602420374 0.0309849619
0.2735610146 0.0206079468
0.2621459953 0.0313048238
0.1002180949 0.1244650637
0.0420456023 0.1768819872
0.0474212672 0.1677607043
0.0488401966 0.1596366151
0.0479999406 0.1645608176
0.0463157280 0.1736244634
0.2471230792 0.0390423761
0.2580610976 0.0314244969
0.2546068820 0.0343434701
0.2556975489 0.0325264215
0.2638490401 0.0263111449
0.2729234562 0.0220468569
0.2120065623 0.0590373585
0.2629437183 0.0291691565
0.2506045787 0.0369330822
0.2639667257 0.0284794650
0.2718066553 0.0249987051
0.2625693694 0.0289883957
0.2562298804 0.0316307111
0.2668491612 0.0291194905
0.2614800147 0.0284280491
0.2342197795 0.0408847862
0.1375413802 0.1074774189
0.0740573362 0.1455561172
0.0448824824 0.1671056214
0.1609127529 0.0899376013
0.2729836794 0.0244772714
0.2600714359 0.0275494059
0.2714444701 0.0229737553
0.2555698313 0.0321492953
0.2728252119 0.0250416064
0.2693894523 0.0251841811
0.2617739950 0.0307772796
0.2747553046 0.0217384849
0.2670721627 0.0276957109
0.2739513062 0.0242709999
0.2654428158 0.0293264487
0.2664162262 0.0264197219
0.2706374162 0.0230961410
0.2749116014 0.0241074016
0.0666773414 0.1447433748
0.0580732121 0.1517689976
0.2468915611 0.0350064797
0.2715125149 0.0238914380
0.2598679818 0.0300478920
0.2457399775 0.0366542688
0.2745411148 0.0228263968
0.2649965131 0.0266709068
0.2384785986 0.0427845582
0.2686240909 0.0251240439
0.2641594296 0.0303206372
0.2754671838 0.0228672700
0.2736073004 0.0215896133
0.1822091014 0.0762019300
0.0343846389 0.1908975156
0.0651618352 0.1463850182
0.0489827444 0.1628051650
0.0413010191 0.1738933966
0.0490357906 0.1611483542
0.0730209934 0.1551153047
0.0506971120 0.1579343300
0.0458474472 0.1657456488
0.0445626374 0.1687379745
0.1922674854 0.0687951474
0.2603732009 0.0281668317
0.2260853174 0.0499485510
0.2467099994 0.0376812651
0.2763734672 0.0214424319
0.2657066514 0.0259410546
0.2683273882 0.0272725924
0.2650871630 0.0258626290
0.2705711274 0.0252711304
0.1813623094 0.0788148491
0.0385681972 0.1800961591
0.0594181211 0.1545167696
0.2450388383 0.0353628034
0.2715940837 0.0227017478
0.1769001297 0.0854291524
0.0363112545 0.1907127872
0.0897116654 0.1404069447
0.2732605548 0.0242057152
0.2661833696 0.0277765038
0.2558837540 0.0304068872
0.2753844601 0.0217830598
0.2649591416 0.0268415834
0.2411665074 0.0392119243
0.2479975807 0.0347738602
0.2394841717 0.0432755759
0.2697771012 0.0264166577
0.2580577651 0.0319433165
0.2573453919 0.0295740551
0.2675551247 0.0261684585
0.2687531202 0.0266723485
0.2644644295 0.0274621264
0.2658525272 0.0276488089
0.2726840322 0.0238941094
0.2728072882 0.0230017096
0.2564533888 0.0328609089
0.0341530737 0.1935791010
0.1775473140 0.0776645392
0.2723772346 0.0234003213
0.2622215496 0.0290812332
0.2617645153 0.0312548557
0.2695840196 0.0268647091
0.2546440942 0.0343798515
0.0389794624 0.1811356002
0.0398315627 0.1753837878
0.1571574854 0.0934018934
0.2548520166 0.0318417354
0.2604229113 0.0332815842
0.2563981446 0.0312669769
0.2710658790 0.0244554581
0.2628584595 0.0295104326
0.1975139424 0.0667846462
0.2555341429 0.0340920079
0.0624885828 0.1591311788
0.0482801464 0.1664298060
0.1032386169 0.1305259329
0.1588912240 0.0858175089
0.0389353387 0.1775784500
0.0815641679 0.1423654803
0.2236767995 0.0531842317
0.2513777506 0.0321653642
0.2559119164 0.0336610738
0.2603348158 0.0290890689
0.2753078535 0.0243727083
0.2763702340 0.0227027378
0.2721282019 0.0225580054
0.2585506370 0.0299824349
0.2585637645 0.0312933990
0.2703856091 0.0238981973
0.2694748041 0.0275186759
0.2683107237 0.0238248669
0.2343533909 0.0447345539
0.1951735409 0.0707159224
0.2425724939 0.0403088207
0.2672555281 0.0253480492
0.2712013186 0.0257089364
0.2610345449 0.0312137625
0.2638727307 0.0298585293
0.2580102998 0.0314460476
0.2643561066 0.0271067832
0.2591101233 0.0308307272
0.2802766554 0.0231947045
0.2605630850 0.0277033404
0.2568671119 0.0327115471
0.2615418121 0.0277421754
0.2684133943 0.0267560049
0.2539518092 0.0377987869
0.2016072595 0.0627040348
0.2751023534 0.0218825324
0.2685162150 0.0260266629
0.2589502261 0.0308604471
0.2624028551 0.0314031242
0.2767916188 0.0237464143
0.2675682577 0.0274260022
0.2210156121 0.0479425292
0.0795865577 0.1419953673
0.0648983468 0.1535422412
0.2508639820 0.0339584491
0.1156561161 0.1334193705
0.0455891564 0.1704670692
0.0363746154 0.1915401568
0.0373610601 0.1773710775
0.0668845844 0.1629463741
0.0359810336 0.1813141490
0.0920133957 0.1302267377
0.0384421148 0.1843070048
0.0403575304 0.1773004483
0.0417489746 0.1699969826
0.0473019010 0.1563929079
0.0609495519 0.1455825260
0.0362970957 0.1846547959
0.0607760626 0.1525656440
0.0316572992 0.2068727232
0.0433203759 0.1820613286
0.1847056978 0.0799423003
0.2711378672 0.0247011639
0.2738826017 0.0219907477
0.2709419326 0.0235914076
0.2674743610 0.0268666429
0.2755022078 0.0221473387
0.2728033132 0.0259231167
0.2692555680 0.0250545664
0.2546809139 0.0302290019
0.2631656373 0.0285288791
0.2805964144 0.0216866705
0.2704195414 0.0248131668
0.2792889186 0.0221378061
0.2617938323 0.0301677233
0.2636190457 0.0310015291
0.2621603261 0.0284328262
0.0538878814 0.1737866141
0.0996481276 0.1278568967
0.0334107466 0.1786680512
0.0679699021 0.1504477014
0.0404520147 0.1833804756
0.0692910966 0.1719632286
0.2526527944 0.0346053371
0.2574316172 0.0292068853
0.2457652791 0.0401317721
0.2625715539 0.0280267524
0.2742816272 0.0224760934
0.2648227898 0.0276763571
0.2644712872 0.0305970863
0.2697061441 0.0274639122
0.2663705288 0.0298358236
0.2652721363 0.0273963838
0.2600941891 0.0308060166
0.2242836439 0.0513061436
0.2187297249 0.0564874599
0.2657684790 0.0251319591
0.2521701359 0.0368090866
0.2570921795 0.0335788111
0.2623787372 0.0277902516
0.2666123033 0.0241676815
0.2394259062 0.0411563236
0.0742840803 0.1565519397
0.0392010823 0.1899476061
0.0507599557 0.1652175536
0.0517719493 0.1649997586
0.1436563932 0.1037827052
0.2662230191 0.0267504658
0.2636588426 0.0285746109
0.2719530266 0.0258317428
0.2490990700 0.0369229571
0.2642515507 0.0278117419
0.2482176854 0.0367161666
0.2345583969 0.0486308464
0.0404487802 0.1678043506
0.2443787093 0.0377534554
0.2626001758 0.0285594889
0.2689697871 0.0245884127
0.2780374079 0.0229552808
0.2558597626 0.0302417891
0.2768684596 0.0219346974
0.2669821420 0.0266130647
0.2649798225 0.0263255966
0.1964361115 0.0644110089
0.0689926367 0.1412189700
0.2519481322 0.0313997287
0.2731364174 0.0208523203
0.2538970370 0.0349751570
0.2533335264 0.0344746941
0.2738752497 0.0231052974
0.2623255364 0.0283435482
0.2599938160 0.0334984480
0.2636771207 0.0277987278
0.2628712632 0.0297001301
0.2695379176 0.0253982641
0.2493067677 0.0365480281
0.2631059567 0.0309409365
0.2662301029 0.0256246279
0.2555519890 0.0341034354
0.2726178423 0.0253523140
0.2667179639 0.0288387112
0.2675308459 0.0261280163
0.2532724038 0.0310526798
0.2690230268 0.0264010602
0.2502507187 0.0334280295
0.2674278428 0.0271448343
0.2453566696 0.0370318350
0.2706611674 0.0237109416
0.2591108471 0.0308962033
0.2398995664 0.0396307511
0.0642888569 0.1551015409
0.0441650332 0.1670244725
0.0584182976 0.1507969835
0.0432422518 0.1683333268
0.0462831236 0.1739274242
0.1238218382 0.1105886911
0.2619273112 0.0295551277
0.2661420535 0.0257423938
0.2624765244 0.0283162793
0.2529303517 0.0347165507
0.2674991480 0.0269619571
0.2635646843 0.0287178362
0.2753617259 0.0230818516
0.2671197102 0.0248456954
0.1407207763 0.1124734508
0.0484403622 0.1649317916
0.0424268990 0.1732298297
0.0368757515 0.1886882910
0.0369120932 0.1862617152
0.0428526991 0.1803779486
0.2082082759 0.0564205700
0.2566301388 0.0314109448
0.2236396623 0.0533124487
0.2606691510 0.0296755529
0.2607982996 0.0305419534
0.2682049590 0.0269402046
0.2698500372 0.0267140957
0.2319992756 0.0491563568
0.2606317759 0.0296181927
0.2700099046 0.0253401755
0.2612602406 0.0275840953
0.2734714358 0.0219134732
0.2747589778 0.0230810919
0.2556013573 0.0328583913
0.0613697753 0.1438631729
0.0498536871 0.1624146016
0.0327828381 0.1946566599
0.0580854313 0.1624454576
0.0518077813 0.1683191106
0.0339660559 0.1913713554
0.0455765484 0.1688396701
0.0482972206 0.1610193554
0.0317181196 0.1933791178
0.0473151596 0.1646760046
0.0525131691 0.1628155730
0.1286792837 0.1158798795
0.2603864174 0.0274976206
0.2587022444 0.0299996187
0.2722999690 0.0255603713
0.2673370003 0.0248685403
0.2574718953 0.0344328809
0.2514424742 0.0354103119
0.2586781241 0.0287498069
0.1457748842 0.1069123489
0.0500950360 0.1725875023
0.0360963041 0.1909171804
0.2080616402 0.0627356138
0.2656907182 0.0282128163
0.2718892578 0.0243154216
0.2655631546 0.0289408602
0.2709375420 0.0234264831
0.2653962482 0.0287588524
0.1707099233 0.0905425602
0.0535649401 0.1569760160
0.0278469831 0.2072965647
0.0506250974 0.1641870397
0.1418543834 0.0967233989
0.2688374039 0.0267078444
0.2807887578 0.0208177973
0.2785158083 0.0210432188
0.2652255199 0.0256203071
0.2685180889 0.0258970288
0.0759876739 0.1573447985
0.0511495185 0.1680937656
0.0610871733 0.1525112473
0.0353402784 0.1885849546
0.0406601852 0.1677776171
0.0836904934 0.1328181745
0.0496303718 0.1635381584
0.0551818097 0.1563476195
0.0444001389 0.1699965134
0.0444505012 0.1696696338
0.0482120792 0.1747015826
0.0554527583 0.1571678092
0.0533985719 0.1543221411
0.0497829526 0.1645730414
0.0411538926 0.1780917652
0.0445577493 0.1741417909
0.0744418213 0.1376145757
0.0401546029 0.1854134975
0.0410953109 0.1848029897
0.0413928892 0.1808430938
0.1215655444 0.1229563511
0.2557255838 0.0325487098
0.2662877996 0.0291843272
0.2626336809 0.0291349372
0.2702018379 0.0246312854
0.2656849246 0.0274594120
0.2613433153 0.0302759691
0.2757933623 0.0238554698
0.2661049691 0.0280676769
0.2665057081 0.0254627816
0.2585614536 0.0274769707
0.2670517149 0.0281186314
0.2640877439 0.0270189993
0.2528693025 0.0342965276
0.2685046731 0.0268590782
0.2682694361 0.0282102246
0.2678705111 0.0282397046
0.2536203284 0.0337755718
0.2624792945 0.0293709826
0.1474320219 0.1065026963
0.0370212670 0.1745681166
0.1407974593 0.1028282515
0.2651355606 0.0292626724
0.2491663108 0.0389594602
0.2536699789 0.0332840445
0.2761213587 0.0213461702
0.2659780466 0.0260034787
0.2022103566 0.0679036882
0.0673213523 0.1519581910
0.0401062298 0.1793611833
0.1527344043 0.0941953796
0.2734547398 0.0237680178
0.2380148442 0.0441789855
0.0430303623 0.1704913955
0.0406607559 0.1814617114
0.0482979857 0.1609858951
0.2019421676 0.0678870994
0.2736845494 0.0242978993
0.2463833605 0.0367575831
0.2706598819 0.0235384899
0.2646155281 0.0276446261
0.2611402532 0.0289011769
0.2742364849 0.0203230365
0.2520960767 0.0356468151
0.2639381138 0.0281647398
0.2610130813 0.0299910742
0.2660143248 0.0270786390
0.2666365109 0.0287008457
0.2732903168 0.0233437206
0.1448029534 0.0948065881
0.0443383213 0.1656388141
0.0564075776 0.1649925442
0.0440612428 0.1712885145
0.0363556722 0.1804934793
0.0601624851 0.1546021546
0.0625882208 0.1561086622
0.0516662957 0.1579128492
0.0531285153 0.1697471428
0.2722330203 0.0247901862
0.2714098118 0.0249709201
0.2778437576 0.0223803642
0.2681196539 0.0259399821
0.2160732342 0.0533877277
0.2604883104 0.0330314899
0.2650262423 0.0285633637
0.2734789074 0.0226931654
0.2660324717 0.0267096163
0.2748723365 0.0221938602
0.2676174498 0.0253949404
0.2682172024 0.0275546343
0.2805235483 0.0220272993
0.2743969959 0.0228255998
0.1990938924 0.0646497638
0.2512487188 0.0344508136
0.2585922685 0.0327595198
0.2566640907 0.0310865136
0.1921245686 0.0804839467
0.0599835999 0.1527794624
0.0392738626 0.1806999613
0.0406645655 0.1788844157
0.0740273001 0.1505656055
0.2710015476 0.0251442699
0.2636667597 0.0282592551
0.2682211733 0.0250674961
0.2682972293 0.0269789265
0.2719161850 0.0249063467
0.2660520616 0.0244020414
0.2566252355 0.0309001211
0.2544765467 0.0322135976
0.2680158340 0.0250507288
0.1234619201 0.1111331946
0.0641656240 0.1459034354
0.0406238196 0.1909003909
0.0458933919 0.1748530618
0.0448314242 0.1749256057
0.0489890578 0.1614635407
0.0540407301 0.1592143886
0.0398175754 0.1838824851
0.0447813992 0.1774026479
0.2047631306 0.0557086140
0.2709699975 0.0228137827
0.2727436073 0.0226223875
0.2527107894 0.0333806065
0.1059299411 0.1287063603
0.0402955286 0.1735812698
0.0478540663 0.1620854240
0.0554788160 0.1610979717
0.0391868112 0.1800594564
0.0684615851 0.1371301322
0.0383964179 0.1872206089
0.0335708903 0.1996627721
0.0553652296 0.1551080292
0.2537771689 0.0332995234
0.2682519507 0.0269001167
0.2587996514 0.0313978122
0.2639577586 0.0304918742
0.2598608724 0.0314670798
0.2611276501 0.0295148390
0.2712816369 0.0239617411
0.2435027056 0.0383690718
0.2621283176 0.0275619261
0.2750726652 0.0237092469
0.2588582404 0.0313747188
0.2478783513 0.0362122020
0.2706170079 0.0271717559
0.2553531582 0.0331777371
0.2432702976 0.0356099388
0.2688043099 0.0231834038
0.2621465714 0.0310689313
0.2698566688 0.0277578044
0.1950261063 0.0719981732
0.2663402048 0.0280379889
0.1157846464 0.1215797959
0.0493610845 0.1638698002
0.0495580041 0.1650472204
0.0455040950 0.1744861189
0.0505196534 0.1705074205
0.0420394303 0.1697330624
0.1753000346 0.0806592439
0.2690465233 0.0266103641
0.2650432116 0.0285095987
0.2093671557 0.0578710964
0.2379717694 0.0393855521
0.2671149671 0.0265408766
0.2684177907 0.0256708464
0.1915181368 0.0727215933
0.0365999903 0.1849918275
0.0423225892 0.1798809926
0.0358828353 0.1871577090
0.1463353847 0.0998665647
0.0555321565 0.1569982206
0.0436218647 0.1797829450
0.1839841401 0.0745848060
0.2579718535 0.0298026728
0.2621862477 0.0282542299
0.2656867111 0.0279275528
0.2415586084 0.0390972173
0.2407808402 0.0422679878
0.2562214734 0.0324239476
0.2765596216 0.0226121621
0.2603070354 0.0279598562
0.2688155521 0.0276819040
0.2688787573 0.0231356375
0.1440729149 0.1041841362
0.0425425579 0.1716575501
0.0442663492 0.1685456019
0.0570008468 0.1612526106
0.0412522207 0.1723973728
0.0402308672 0.1875144532
0.0529198354 0.1708567291
0.0578944102 0.1550627091
0.0488481145 0.1568843057
0.0384058714 0.1769975641
0.0406814336 0.1872960821
0.0645325253 0.1497423316
0.0535690742 0.1548696486
0.0418794508 0.1836107217
0.0476244354 0.1645411422
0.0452385961 0.1676444149
0.0484476168 0.1673129325
0.0335806421 0.1978434403
0.0445643486 0.1777254671
0.0464536209 0.1648443440
0.0439947096 0.1674411860
0.0465784042 0.1743670516
0.0377227419 0.1890438167
0.0877476103 0.1357978400
0.2659247535 0.0285668516
0.2610449951 0.0306533577
0.2650858588 0.0283283754
0.2029479504 0.0603689452
0.2554419263 0.0292687897
0.2669629684 0.0248711269
0.2638951236 0.0294151769
0.2698954149 0.0280898567
0.2478506676 0.0409218398
0.0336360061 0.1994873996
0.0633942730 0.1473980631
0.0518651538 0.1629522542
0.0500622720 0.1667011449
0.2348425799 0.0453492066
0.2583099788 0.0305234630
0.2661388741 0.0273398877
0.2455368689 0.0368109612
0.2629892916 0.0290558172
0.2691431990 0.0225721443
0.1953866619 0.0722668583
0.2652027289 0.0281076071
0.2010229376 0.0687101019
0.0415846891 0.1820411390
0.0537768418 0.1655738003
0.0357966546 0.1853319736
0.0503123125 0.1600068786
0.2108077987 0.0548474876
0.2375419508 0.0442192781
0.2661102360 0.0270460985
0.2667763759 0.0272787301
0.2696108302 0.0262907719
0.2522488492 0.0351502919
0.2793072244 0.0204009816
0.2697221927 0.0267529949
0.2670100594 0.0269404401
0.2463590160 0.0359479241
0.2540460928 0.0337389534
0.2625091510 0.0276585756
0.2463454530 0.0415362074
0.2594303729 0.0314953511
0.2678368413 0.0251227362
0.2651058891 0.0293691291
0.2596651291 0.0294093790
0.0557363879 0.1704046391
0.0442321440 0.1613058189
0.0446857688 0.1644322008
0.0379789396 0.1797837506
0.0469380459 0.1675608797
0.0385962798 0.1820920486
0.0665703813 0.1409279466
0.0428737161 0.1667046047
0.0556546409 0.1615587536
0.0438111733 0.1733436342
0.0414199804 0.1728909378
0.0870776374 0.1324192863
0.0465265541 0.1755318462
0.0594780534 0.1462584984
0.0489797623 0.1628890242
0.0519012484 0.1705796140
0.0407117121 0.1799149910
0.0567971971 0.1569639421
0.0536673183 0.1514823075
0.0439536874 0.1713723246
0.0519751985 0.1604118956
0.0752630673 0.1402776396
0.0509182704 0.1724297425
0.0403887459 0.1795245515
0.0597028126 0.1570268524
0.0622943156 0.1592496822
0.0570731368 0.1520606837
0.0464563148 0.1711713169
0.0437265081 0.1772537620
0.0381062693 0.1832840017
0.1397775636 0.1060696479
0.2698935017 0.0246981924
0.2556182741 0.0336881681
0.2161461907 0.0559711166
0.0434335613 0.1772153106
0.0452619075 0.1657439981
0.0480596211 0.1707967884
0.0526792690 0.1619250190
0.0472317611 0.1771502843
0.0397096637 0.1840157702
0.0480500998 0.1606825252
0.0530236325 0.1666510732
0.0753738504 0.1387381473
0.2634021839 0.0283258308
0.2642096065 0.0290593071
0.1395916269 0.1083004666
0.0360472043 0.1773699345
0.0551540493 0.1596600876
0.0422044288 0.1847575368
0.0541004751 0.1545055217
0.0426035300 0.1790667261
0.0383077594 0.1875824120
0.1248837858 0.1114261835
0.2375775324 0.0453133747
0.2727869439 0.0227083811
0.2765319044 0.0208338727
0.2516339368 0.0348350302
0.2280699177 0.0495138990
0.0412314351 0.1803318668
0.0519180233 0.1663163029
0.0449253264 0.1597690746
0.2000434998 0.0670075427
0.2539657435 0.0310172076
0.2607086411 0.0280095461
0.2276870557 0.0472405829
0.0578128296 0.1529694886
0.0447237108 0.1750494954
0.0460672922 0.1809184120
0.0402099992 0.1912452284
0.2199498131 0.0551611469
0.2657975168 0.0263652695
0.1700363114 0.0807535489
0.1255388196 0.1127057691
0.2767581253 0.0225295061
0.2756639888 0.0222940533
0.2674431832 0.0276151817
0.2608802040 0.0290456039
0.0603219057 0.1551768102
0.0547763444 0.1458629189
0.0739752478 0.1410697092
0.1200058056 0.1261475556
0.2676873587 0.0261609116
0.2360641864 0.0429330500
0.2596611691 0.0292953914
0.2640025421 0.0287959877
0.2683600352 0.0257226267
0.0554039552 0.1561283437
0.0817239221 0.1404149255
0.2626934103 0.0287011226
0.2632737832 0.0269300768
0.0565164671 0.1577341414
0.0514010382 0.1654887309
0.0769132628 0.1417697312
0.2673713040 0.0270098702
0.2564768897 0.0329826335
0.2447091696 0.0358440629
0.2752589973 0.0244047003
0.2658492246 0.0259794909
0.2530844879 0.0366529141
0.1832019899 0.0719637811
0.0498018228 0.1655403394
0.1602183306 0.0922322654
0.2451244969 0.0395666499
0.2650363572 0.0275872690
0.2657060706 0.0263021310
0.2717774072 0.0246772594
0.2757905197 0.0226719779
0.2764676782 0.0235033637
0.2682953651 0.0262749025
0.2625426698 0.0301079443
0.2539967649 0.0347525788
0.2675144602 0.0276078182
0.2751111355 0.0256782812
0.2705108224 0.0265689617
0.2496367399 0.0349718133
0.2671084729 0.0253650596
0.2608351088 0.0289350239
0.2291121266 0.0488553349
0.2542175564 0.0327162301
0.2472716447 0.0372828434
0.2549732187 0.0346906898
0.2651245900 0.0286893123
0.2500124375 0.0338592982
0.2736101777 0.0237857091
0.2576344136 0.0343312812
0.2642933189 0.0292129939
0.2695062320 0.0248700580
0.2739774606 0.0246848412
0.2572731053 0.0306782683
0.2752025388 0.0231418221
0.2492940412 0.0389090041
0.1684718209 0.0930300433
0.0372703493 0.1936884740
0.0849509288 0.1313115697
0.0439739281 0.1785621481
0.0346032967 0.1911051924
0.0410933596 0.1874736959
0.0595098098 0.1474586394
0.2048486185 0.0579277671
0.2439888156 0.0379312842
0.2662373946 0.0262187013
0.2544655050 0.0317685463
0.2678969701 0.0255238679
0.2629787052 0.0277961364
0.2534919544 0.0306380558
0.2601690078 0.0301508986
0.2520727741 0.0328692187
0.2590077473 0.0324270807
0.1817913497 0.0710215451
0.0491779374 0.1620616247
0.0432954863 0.1766165125
0.0406418070 0.1732104869
0.0450858241 0.1697034767
0.0570880029 0.1521477009
0.0453197444 0.1745015630
0.2038511026 0.0657583642
0.2576546097 0.0345357671
0.2592221155 0.0304760674
0.2696443771 0.0263971194
0.0871123268 0.1428479444
0.0413478871 0.1752921747
0.0340904504 0.1899505476
0.1891249322 0.0699231799
0.2740928290 0.0226528316
0.2648026343 0.0255625639
0.2639116481 0.0318016273
0.2525924175 0.0343979731
0.2579359614 0.0310270111
0.0505636045 0.1617669174
0.0429980974 0.1700091676
0.0737397209 0.1367079968
0.0361386416 0.1822896109
0.0538475954 0.1585432187
0.0413366869 0.1805141413
0.0357718284 0.1919949744
0.0502766524 0.1580781649
0.0509887758 0.1686653749
0.0549360562 0.1611988006
0.0380038346 0.1850475703
0.0502805679 0.1625292799
0.0469881798 0.1633914774
0.0423037987 0.1551139234
0.1032128737 0.1229905072
0.2578323640 0.0296141511
0.0408331603 0.1870318611
0.0348782582 0.1941301383
0.0517603561 0.1589722501
0.0390319461 0.1837570962
0.0933659996 0.1306700839
0.2405890354 0.0382586379
0.1573679279 0.0955075285
0.0507565209 0.1627522336
0.0560925551 0.1603879582
0.0375567786 0.1738343689
0.0745652640 0.1412130887
0.2244404847 0.0503738431
0.0863451341 0.1470821659
0.0459449138 0.1671042958
0.0573814910 0.1754902923
0.1205855708 0.1201613672
0.1772923682 0.0850620904
0.0467376502 0.1671093140
0.0466690193 0.1716177725
0.0454697208 0.1789298092
0.2417708337 0.0429833026
0.2605763010 0.0319361926
0.2572420138 0.0309735664
0.2661407982 0.0291274401
0.2677097137 0.0262468082
0.2592384973 0.0296528176
0.2665930454 0.0285608634
0.2729509073 0.0230860193
0.2525457918 0.0334324714
0.2688663059 0.0254774498
0.2380343043 0.0428703893
0.2270424629 0.0503818469
0.2590343507 0.0311405961
0.2695957863 0.0249345639
0.2564035508 0.0315019528
0.2572393014 0.0331914296
0.2820447349 0.0202689880
0.2709851064 0.0270131304
0.2671583160 0.0260372049
0.2805635154 0.0203417710
0.2422439262 0.0386901987
0.2493527462 0.0331702852
0.1253564032 0.1238027769
0.0381162667 0.1860254328
0.0410582454 0.1715282087
0.0500266839 0.1647259135
0.0481971652 0.1632229121
0.0451209609 0.1671129039
0.1462569534 0.0973360061
0.0616055459 0.1646569739
0.0364568547 0.1794280544
0.0436639931 0.1766496164
0.0450308330 0.1715007463
0.0643583718 0.1518210945
0.0348885423 0.1936159657
0.0460796482 0.1704725245
0.0438303803 0.1770198051
0.0484517978 0.1611993464
0.0516115853 0.1647237492
0.2643766059 0.0280401774
0.2753603823 0.0243336603
0.2723932522 0.0216897411
0.2350864717 0.0458919824
0.2635064844 0.0276451205
0.2419910128 0.0416574194
0.1173447918 0.1163556667
0.2775467690 0.0209574049
0.2792943076 0.0212102749
0.2535132138 0.0326613404
0.2729507600 0.0234645555
0.2728026968 0.0238942839
0.2460208681 0.0399300268
0.2674427339 0.0265067268
0.2581068976 0.0314159839
0.2770105341 0.0236836664
0.2708782084 0.0250969864
0.2451807511 0.0380815443
0.0774868760 0.1436670224
0.0378349145 0.1900312485
0.0406414874 0.1846958041
0.0701297108 0.1458784661
0.0538682210 0.1573342766
0.0461621523 0.1638099576
0.0456232452 0.1630532880
0.0339701762 0.1902879364
0.0473764293 0.1547414477
0.0669123732 0.1534482647
0.0428994316 0.1812118866
0.1526766836 0.1042247776
0.2706455636 0.0260627269
0.1469846783 0.1001717654
0.1023781635 0.1344093999
0.0465861382 0.1739867049
0.0418239509 0.1773159343
0.0835752997 0.1391076897
0.0602222971 0.1515526084
0.0417717852 0.1717724209
0.0766896249 0.1491172881
0.0505515022 0.1515616133
0.0573153183 0.1579396457
0.0683872834 0.1528716797
0.0356398763 0.1937174519
0.0367573542 0.1818460843
0.0561371716 0.1581352864
0.0888513738 0.1449517841
0.2524451006 0.0345828341
0.0656173593 0.1625892391
0.0497963435 0.1732815793
0.0496790096 0.1603736408
0.0443328549 0.1629793534
0.0612720241 0.1536162024
0.0482090186 0.1666173071
0.0604717440 0.1439110369
0.0333724512 0.1846959699
0.0440434518 0.1703610025
0.0399750836 0.1733992402
0.1816628146 0.0738653463
0.2666614469 0.0253367991
0.2800728796 0.0219255238
0.1685142975 0.0855324470
0.0405475033 0.1776360497
0.0685568811 0.1598397246
0.1028368448 0.1208213037
0.2444636018 0.0424450549
0.2490707739 0.0362780141
0.2658006656 0.0287136926
0.2706424601 0.0273462143
0.2142269305 0.0608480922
0.0574296329 0.1469180559
0.0577775053 0.1503666893
0.0492461367 0.1631354643
0.0539902119 0.1565952194
0.0441671522 0.1673849736
0.0392679056 0.1808773801
0.0473840969 0.1605518311
0.0563948574 0.1575737504
0.0481629831 0.1661118272
0.0545087372 0.1567701714
0.0547125222 0.1607526967
0.0343103663 0.1883190386
0.0416108158 0.1848233846
0.0421706308 0.1725536042
0.0605439636 0.1591610221
0.0453938496 0.1720006653
0.0472975304 0.1649131759
0.0483529487 0.1671915130
0.0445057836 0.1704067113
0.0436845132 0.1603590926
0.0501193594 0.1570798167
0.0328472982 0.2010728312
0.0549690639 0.1475207248
0.0464610425 0.1695086814
0.0429674554 0.1706935407
0.0401995397 0.1775853690
0.0359262925 0.1893582497
0.0474602029 0.1739148446
0.2505812866 0.0377298683
0.2612746381 0.0292931620
0.2431468052 0.0371293366
0.2562925464 0.0315802303
0.2698620159 0.0235889489
0.2356403608 0.0420825229
0.2112490864 0.0575003646
0.2757903439 0.0231044766
0.2734621953 0.0248883961
0.2679336165 0.0247719358
0.2599111181 0.0321055824
0.2697224461 0.0264386983
0.1871171677 0.0770837804
0.1141795573 0.1150306131
0.2450207877 0.0352702886
0.2650149288 0.0258206629
0.2563639755 0.0323898449
0.1686388684 0.0806358929
0.0792736833 0.1477542520
0.0479676369 0.1697624348
0.0603259574 0.1487810215
0.0571066696 0.1525744252
0.0422685596 0.1722522915
0.0382790789 0.1787238082
0.0445669562 0.1692524704
0.2409427414 0.0402689567
0.0793578483 0.1372433071
0.0358524894 0.1852987738
0.0480247623 0.1605143786
0.0425124491 0.1748224120
0.0603276878 0.1617384384
0.1982202839 0.0757074426
0.2664435868 0.0285929208
0.2607337242 0.0303242174
0.1849928652 0.0776848470
0.2005570712 0.0646461607
0.2684471906 0.0279232346
0.2773471903 0.0214713132
0.2568349462 0.0318259209
0.2616967870 0.0295248534
0.2596104941 0.0301346120
0.2607562244 0.0293369175
0.2455801272 0.0366582539
0.2573928009 0.0311649522
0.2520190364 0.0319515135
0.2245693551 0.0467369507
0.2680370039 0.0248827583
0.2791965418 0.0201289806
0.2703023506 0.0242512309
0.1322416892 0.1103479814
0.0416259873 0.1775993354
0.0391454189 0.1786019609
0.0390453107 0.1859061055
0.0406471144 0.1767839252
0.0410507938 0.1713603914
0.0518979033 0.1535732629
0.0425091712 0.1768849190
0.0336197548 0.1951184118
0.0503284182 0.1661750101
0.0555146951 0.1585041225
0.0430176047 0.1757387828
0.0461833462 0.1745591732
0.0398137776 0.1918181425
0.0942381069 0.1420947281
0.2686566171 0.0264635226
0.2652738875 0.0261633794
0.2654781790 0.0290207182
0.2723626516 0.0252124289
0.2766366534 0.0226826334
0.2778524498 0.0217269991
0.2522355931 0.0339062669
0.2741062740 0.0243829177
0.2648309623 0.0276871340
0.2600963550 0.0298058699
0.2722530470 0.0253548829
0.2755677448 0.0218464377
0.2722242407 0.0245178654
0.2677423023 0.0265872616
0.2671523166 0.0263699681
0.2633017213 0.0255806025
0.2658813837 0.0265827044
0.2663267317 0.0249836416
0.2679599650 0.0241271944
0.2546739866 0.0326030670
0.2797638576 0.0214465305
0.2750368301 0.0234380699
0.2672170344 0.0252828647
0.2467559199 0.0357076610
0.2702085384 0.0237220226
0.1416517584 0.1064108381
0.0558355815 0.1535560751
0.0594633091 0.1618950068
0.2634000726 0.0292852975
0.2726876752 0.0252471519
0.2679103159 0.0250153726
0.2754325747 0.0207236136
0.2523234204 0.0346552269
0.2686158780 0.0269954971
0.2671061857 0.0275898147
0.2743598975 0.0215183785
0.0788764382 0.1468287349
0.2103483928 0.0567048271
0.1341432088 0.1075757837
0.2639065843 0.0265732089
0.2443642221 0.0377260833
0.2321417459 0.0457094947
0.0436986911 0.1742753589
0.0414288586 0.1774383872
0.0552431642 0.1532140737
0.1294601446 0.1114890661
0.2750104906 0.0234996634
0.2751513332 0.0235115174
0.2702037269 0.0260205732
0.2698545469 0.0246160550
0.2596069382 0.0303568498
0.2650495497 0.0265965124
0.2666155614 0.0264957959
0.2713766246 0.0238965714
0.2633043100 0.0285201603
0.2564839074 0.0316911414
0.2713902104 0.0251473901
0.2713254311 0.0233321827
0.2543337466 0.0327831049
0.2595803824 0.0298180728
0.2622444059 0.0292587750
0.2630614828 0.0293979822
0.2629425759 0.0295436236
0.2637926789 0.0289207221
0.2698843174 0.0242659723
0.1491597036 0.0970105233
0.0394204924 0.1822853022
0.0428536265 0.1760812381
0.0554311978 0.1610765824
0.0418073966 0.1750344156
0.0439238534 0.1606308185
0.0411775569 0.1740370854
0.0547696288 0.1571937739
0.0631806296 0.1624306655
0.2611429416 0.0291346312
0.2682220210 0.0248249247
0.2604230453 0.0296131079
0.2618180548 0.0283530921
0.2686157360 0.0246307906
0.1536870578 0.0906886812
0.2613009746 0.0283303575
0.2662263560 0.0258294065
0.2551865317 0.0330937172
0.2612818627 0.0268846639
0.1042747833 0.1175074378
0.0488201684 0.1630352269
0.0302190868 0.2030537251
0.0527724961 0.1673500112
0.0455543449 0.1668152543
0.0513209991 0.1535564939
0.0411105352 0.1719419417
0.0640532766 0.1481374014
0.0450500660 0.1717183159
0.0556995024 0.1567976040
0.0387983608 0.1781468398
0.0548156345 0.1617373821
0.0503064339 0.1658265431
0.0749889016 0.1444321170
0.0485556943 0.1598365471
0.0435069749 0.1803658271
0.0543375248 0.1567352622
0.0527968140 0.1548619157
0.0369587616 0.1831957251
0.0371120032 0.1870391549
0.0413202249 0.1765372336
0.0458433919 0.1691544903
0.0523784743 0.1530235597
0.0480763532 0.1554236491
0.0653434339 0.1487084719
0.0474813802 0.1655182785
0.0702577871 0.1461576550
0.0593481866 0.1616215221
0.1115305211 0.1149936938
0.2461468553 0.0364991248
0.2350124420 0.0435895903
0.2674652981 0.0255735994
0.2709810609 0.0241217479
0.0675752764 0.1556063526
0.0424885759 0.1783176688
0.0484133614 0.1651562849
0.0449459776 0.1692245663
0.0406762341 0.1875715855
0.0509243788 0.1565581578
0.0586883970 0.1491395472
0.0558460129 0.1581257748
0.1213434833 0.1155508671
0.2693911423 0.0254967461
0.2486763429 0.0357650016
0.2505117767 0.0329756631
0.2631453376 0.0290881823
0.2629955458 0.0296605749
0.2698761028 0.0243151141
0.2554149352 0.0329407039
0.2159947811 0.0535739239
0.0398210716 0.1770652581
0.2079789344 0.0668189893
0.1540236891 0.0961101197
0.0467374356 0.1693755956
0.0912824977 0.1373307008
0.1800969116 0.0846736057
0.2482781442 0.0350470729
0.2556118956 0.0341866518
0.2807818940 0.0205391594
0.2560057912 0.0310041926
0.2282076741 0.0486412838
0.0483715756 0.1701597101
0.0474748341 0.1686921387
0.1013290457 0.1239616428
0.0471947420 0.1688020674
0.0460154911 0.1699208595
0.0473861936 0.1727883309
0.0406418657 0.1827879608
0.0785194398 0.1485524241
0.2534906536 0.0323958854
0.2644648501 0.0291660769
0.2619427409 0.0311386674
0.2668251590 0.0271893455
0.2114223146 0.0578124404
0.2635677641 0.0284919036
0.2765042406 0.0216691193
0.2628142194 0.0276349811
0.2615499869 0.0290714977
0.2668995154 0.0270109255
0.2680375154 0.0256732746
0.2506979639 0.0357439824
0.2592379193 0.0305142745
0.2672953886 0.0281712710
0.2601752334 0.0279807470
0.2524487362 0.0344240773
0.2567782012 0.0296393656
0.2655460855 0.0281845428
0.2202837152 0.0518213566
0.2644961890 0.0299209044
0.2673967832 0.0266484564
0.2734966798 0.0238215367
0.1904386153 0.0674759695
0.2492027506 0.0363469861
0.2813731584 0.0221917375
0.2694672938 0.0250120835
0.2749269624 0.0245239717
0.2658902573 0.0279860239
0.2551927708 0.0354913826
0.0497243763 0.1694684378
0.0407921103 0.1776515568
0.0917363994 0.1269428721
0.2675457304 0.0269592167
0.2556099496 0.0318302911
0.2693925509 0.0267182936
0.2442248116 0.0372570015
0.1330903146 0.1094404242
0.2191230209 0.0518108934
0.2766596065 0.0218108124
0.2778383692 0.0224713979
0.2401704549 0.0386088244
0.2652918287 0.0246506267
0.2448434864 0.0399676508
0.2713465736 0.0232107965
0.2654746562 0.0278196849
0.2663722970 0.0251847159
0.1308902135 0.1038417327
0.2496597070 0.0359119205
0.1737673036 0.0842864261
0.0551167792 0.1545212674
0.2686598279 0.0257949807
0.2632005140 0.0292077256
0.2238237925 0.0503578157
0.0397586894 0.1754976566
0.0364842227 0.1859701421
0.0426274979 0.1739371876
0.0492425546 0.1637126371
0.0483271944 0.1651174714
0.1197911266 0.1263358554
0.2643873201 0.0254988628
0.2703163596 0.0251447434
0.2593895290 0.0319247291
0.2682114977 0.0265104066
0.2693403526 0.0250899648
0.2605062644 0.0295749303
0.1716540003 0.0862072236
0.1398211891 0.1031842340
0.2578126023 0.0305016653
0.2755808098 0.0224074569
0.2553266197 0.0308582721
0.2626867708 0.0275038549
0.2621614420 0.0308108763
0.2570777041 0.0339780952
0.2588835562 0.0314797811
0.2738628660 0.0242242731
0.2680476894 0.0252774044
0.2700224278 0.0241103799
0.2625136367 0.0293243174
0.1552994595 0.0899300518
0.0401669166 0.1775596921
0.1002952777 0.1339018024
0.2707344275 0.0251812749
0.2594533687 0.0297839431
0.2620025134 0.0278299639
0.2584667904 0.0313641546
0.2750940434 0.0227678588
0.2584800777 0.0310182322
0.2707407794 0.0246209844
0.2589032197 0.0310493586
0.2599688060 0.0290771356
0.2666155522 0.0266180984
0.2735036934 0.0249865656
0.1181472386 0.1188331656
0.0501130878 0.1686025866
0.0583599266 0.1564589410
0.1383103116 0.1040893494
0.2674104757 0.0294835446
0.2688662488 0.0269713504
0.2684577337 0.0261038379
0.2315628821 0.0462274116
0.1010243109 0.1239087634
0.0371113339 0.1849552375
0.0559517112 0.1601226083
0.0393104542 0.1867891639
0.0578805853 0.1525144756
0.0563715947 0.1504533236
0.2104934798 0.0586142528
0.2606039407 0.0304173322
0.2297630038 0.0476460544
0.0507436098 0.1570259225
0.0769143294 0.1457375483
0.2753150178 0.0235083079
0.2617149291 0.0291684037
0.2492266040 0.0341292965
0.2710395486 0.0231175321
0.0853602014 0.1439047571
0.0610921984 0.1571944559
0.0560114219 0.1620665975
0.0531792656 0.1633641189
0.0398269865 0.1790003939
0.0399419464 0.1734745112
0.0564687871 0.1557341341
0.0597014798 0.1538664190
0.0434191810 0.1670455387
0.0370508555 0.1750901672
0.2137749113 0.0582484869
0.2600975339 0.0285282563
0.1871019180 0.0762577756
0.0469134989 0.1702902361
0.0512704802 0.1602937886
0.0622739364 0.1693749643
0.2730481511 0.0223373825
0.1366949448 0.1125779291
0.0451860998 0.1652991508
0.0457857698 0.1698835389
0.0447305511 0.1765858421
0.0497834119 0.1630652147
0.0482678554 0.1645567068
0.0377338527 0.1834456208
0.1846215036 0.0763002272
0.1974074271 0.0650320875
0.0360390371 0.1838218172
0.0417742280 0.1766016706
0.1494996794 0.1011639474
0.2595396441 0.0311663073
0.2622590783 0.0283670968
0.2684216139 0.0262157795
0.2659062519 0.0271658971
0.2571408036 0.0318948696
0.1301734373 0.1070603775
0.0505156794 0.1642406841
0.0494595102 0.1607920623
0.2154413202 0.0586465419
0.0657914975 0.1458119391
0.0556398779 0.1638193484
0.0564256276 0.1562304872
0.0534958398 0.1546998958
0.0408326393 0.1715726108
0.0441731279 0.1718067819
0.1683978359 0.0859234765
0.2705842528 0.0237702423
0.2525765550 0.0363274882
0.2735303611 0.0233553509
0.2548241983 0.0344250670
0.1565354146 0.0961812590
0.0542256594 0.1545087333
0.0474949094 0.1651122644
0.0439024399 0.1678899496
0.0395137309 0.1833440778
0.0486005117 0.1645393863
0.0447532744 0.1697677264
0.0386199021 0.1823223616
0.0604389906 0.1561064616
0.0667745159 0.1493137958
0.1879183804 0.0803681664
0.2752688722 0.0230755705
0.2667066730 0.0256923154
0.1593783657 0.0967043039
0.0487285160 0.1687761654
0.0482973692 0.1705661213
0.0468272918 0.1698054309
0.0364917638 0.1900499067
0.0431937427 0.1698522543
0.0459888399 0.1706296322
0.0485846822 0.1676773153
0.0446494810 0.1802428896
0.0444392725 0.1694267552
0.0478274620 0.1713285154
0.0583227988 0.1570154528
0.0420683268 0.1807589716
0.0347740394 0.1828102156
0.0436890107 0.1757574415
0.0608486240 0.1538428638
0.0448458822 0.1709777084
0.0484671756 0.1574813082
0.1866268089 0.0730917517
0.0482074952 0.1604057358
0.0385927562 0.1838901130
0.0493965239 0.1605979772
0.0845102696 0.1339408940
0.2689930933 0.0260626859
0.2602300912 0.0330198754
0.2624040056 0.0281291937
0.2610632631 0.0282312570
0.2583396323 0.0335437496
0.2578045576 0.0299360171
0.2586045292 0.0315392703
0.2530763972 0.0323722361
0.2659871329 0.0274803781
0.1502758415 0.0978482875
0.0471637969 0.1692730537
0.2411316431 0.0436648324
0.2777173419 0.0211707668
0.2691889012 0.0257739826
0.2597452454 0.0318370005
0.2652219219 0.0282894802
0.2736681454 0.0220130468
0.2645898637 0.0263367466
0.2695967557 0.0272585875
0.2637328848 0.0298922625
0.2583356994 0.0308377930
0.2663206219 0.0263247129
0.1247030607 0.1133887119
0.0493369019 0.1496909848
0.0431870162 0.1779003669
0.0498926612 0.1660323369
0.0424159511 0.1719426623
0.0485807813 0.1631754024
0.0557431220 0.1656150999
0.0438645503 0.1734817338
0.0477096760 0.1698822258
0.0519572804 0.1689383344
0.0456037647 0.1722816209
0.0510571105 0.1701566252
0.0571511598 0.1638944253
0.0427386118 0.1758912265
0.0620187773 0.1538943484
0.0386846674 0.1798272984
0.0475275804 0.1718904855
0.2407377353 0.0414758765
0.1212105188 0.1198340864
0.0575321660 0.1593761249
0.2338272157 0.0449946841
0.2588947941 0.0291840925
0.2441569646 0.0397049831
0.2537854491 0.0370552119
0.2713261431 0.0247903807
0.2707642608 0.0244552169
0.2678451266 0.0286286722
0.2714088279 0.0235990356
0.2622588013 0.0310177241
0.2685134228 0.0260031826
0.2673987499 0.0251599220
0.2757147628 0.0229237021
0.2633731646 0.0297775399
0.2234065162 0.0505406839
0.0398806714 0.1784879629
0.0323618756 0.1820001611
0.0547487038 0.1518170396
0.0444277810 0.1683654190
0.0664531636 0.1520555309
0.0613817978 0.1520571615
0.0419209846 0.1781851995
0.0495351621 0.1579874069
0.0412591228 0.1699355956
0.0410168642 0.1736200297
0.1979118296 0.0606275464
0.0713920576 0.1499335468
0.0658193950 0.1456450614
0.0436013055 0.1729489236
0.1337624299 0.0955719491
0.1009989249 0.1314597327
0.0563215738 0.1554057947
0.0452881791 0.1765911903
0.0564772783 0.1647186897
0.0471743054 0.1688999090
0.0634584552 0.1537516040
0.0436312875 0.1812446856
0.0489442501 0.1687788346
0.1004033450 0.1221386113
0.2401605544 0.0417429383
0.0555213750 0.1634915309
0.0467995452 0.1703282355
0.0474379282 0.1714776481
0.0535901083 0.1550760134
0.1300870519 0.1081364815
0.2801748966 0.0208623269
0.2678938254 0.0236551695
0.2709217124 0.0247260745
0.2695002575 0.0250870072
0.2688486559 0.0237281864
0.2625213299 0.0269067787
0.2590283209 0.0290648539
0.2552696361 0.0321879103
0.2682448636 0.0264465137
0.2613571197 0.0296910479
0.2691256348 0.0259531605
0.2612733355 0.0281934838
0.1304383036 0.1111020679
0.0662530622 0.1352870421
0.1650747111 0.0881855767
0.2571312161 0.0310770983
0.2569437963 0.0307639592
0.2597007339 0.0310516643
0.2190535570 0.0537752361
0.0409108617 0.1752022434
0.0366627476 0.1831563937
0.2210258311 0.0529272562
0.2668722372 0.0282613493
0.2479173903 0.0371909259
0.2617747429 0.0300131037
0.1342991031 0.1108933442
0.0824994129 0.1432689771
0.2623475736 0.0307233325
0.2529909316 0.0331596296
0.2634257333 0.0275328566
0.0571524447 0.1539846636
0.0473005756 0.1676565744
0.0526929962 0.1664601109
0.0480383681 0.1699290416
0.1236339352 0.1200797129
0.2618147420 0.0294435790
0.2480546070 0.0363708447
0.2750239932 0.0228143427
0.2660260269 0.0279260017
0.2588264263 0.0317414499
0.2559915942 0.0327322109
0.2680247591 0.0265215583
0.2694289008 0.0258492446
0.2601044682 0.0278081224
0.2681608253 0.0251547404
0.2534801408 0.0315291074
0.2620082169 0.0306746974
0.2581642701 0.0312774856
0.1574179604 0.0995105509
0.0361143717 0.1926681596
0.0537367564 0.1618073251
0.0502524469 0.1655095483
0.0353315836 0.1926038413
0.0426491289 0.1735731266
0.0510637405 0.1661950345
0.0364047834 0.1851583813
0.0468007317 0.1768645455
0.0394587362 0.1865098356
0.0807339563 0.1531797266
0.0384599289 0.1827819937
0.0448887062 0.1777642781
0.0489677512 0.1673120259
0.0418210196 0.1807474558
0.0652554231 0.1532685022
0.2616192902 0.0312499112
0.2469207584 0.0361217567
0.2279187531 0.0507017576
0.2074775206 0.0604288099
