0.10520 0.2311377776 0.0006288464 0.6339210535 0.0019309905 0.1080817983 0.0005817297 0.0425609141 0.0039010872 0.5856415585 0.0025178172 0.8101547115 0.0012101022
0.10540 0.2303978869 0.0005253048 0.6312148044 0.0015930555 0.1089779471 0.0004695709 0.0463688861 0.0029488681 0.5896889222 0.0018494977 0.8103352990 0.0010878154
0.10560 0.2290699728 0.0005429132 0.6272755129 0.0016904080 0.1103939615 0.0005070636 0.0452550876 0.0032225395 0.5943498959 0.0021135080 0.8079733091 0.0010111947
0.10580 0.2269090057 0.0005494603 0.6209534561 0.0018092498 0.1131850107 0.0005383795 0.0471709568 0.0032106771 0.6056881967 0.0021178145 0.8089089396 0.0011787106
0.10600 0.2274211600 0.0005443020 0.6234399107 0.0017240947 0.1126654011 0.0005230698 0.0528630386 0.0027216889 0.6029583784 0.0019843084 0.8076192261 0.0011148783
0.10620 0.2241425982 0.0006176536 0.6111282526 0.0020868526 0.1167049038 0.0006177243 0.0460595710 0.0037276629 0.6176057691 0.0022362505 0.8047418777 0.0012437815
0.10640 0.2245965987 0.0006033142 0.6150722027 0.0020618707 0.1162377066 0.0006288264 0.0538662006 0.0031007321 0.6157377109 0.0023064093 0.8043488622 0.0013565713
0.10660 0.2224852690 0.0006816096 0.6067749667 0.0023107119 0.1187899001 0.0007057375 0.0514116364 0.0035589098 0.6245644356 0.0024458243 0.8035943258 0.0012509056
0.10680 0.2193685224 0.0005894837 0.5978387311 0.0021431496 0.1222345910 0.0006468933 0.0632759557 0.0032323446 0.6356576232 0.0021385207 0.8000926488 0.0013950927
0.10700 0.2173929910 0.0007170870 0.5899255508 0.0026584317 0.1246741298 0.0007806374 0.0606721436 0.0029737137 0.6412485887 0.0025785470 0.7992288493 0.0012091239
0.10720 0.2149039392 0.0007580596 0.5815579999 0.0029179017 0.1277591267 0.0008604506 0.0640167493 0.0034267457 0.6516368571 0.0026710884 0.7966289026 0.0013376753
0.10740 0.2126695012 0.0007253996 0.5747333727 0.0028187355 0.1302222177 0.0008260399 0.0752391672 0.0030952781 0.6590252013 0.0024294519 0.7982082060 0.0012750708
0.10760 0.2117127612 0.0007611799 0.5711434765 0.0030047182 0.1316498474 0.0008659826 0.0759876609 0.0031535476 0.6629253183 0.0024750695 0.7950557509 0.0013038753
0.10780 0.2105269654 0.0008000828 0.5663330770 0.0031235500 0.1333777091 0.0009129429 0.0780396140 0.0036321935 0.6681180911 0.0025826568 0.7956374529 0.0015033080
0.10800 0.2051080765 0.0008423008 0.5471705061 0.0033758892 0.1396831887 0.0009637401 0.1039662230 0.0037383131 0.6848841673 0.0024049710 0.7930884427 0.0017491178
0.10820 0.2054078264 0.0008524654 0.5480266354 0.0035703088 0.1398412479 0.0010341820 0.0995218228 0.0036101239 0.6836863440 0.0027188257 0.7913983503 0.0014207581
0.10840 0.2007137486 0.0008613523 0.5280844826 0.0038052567 0.1459641954 0.0010438481 0.1161356587 0.0035867852 0.6986548694 0.0024183304 0.7856050224 0.0014099652
0.10860 0.1986643547 0.0008459923 0.5212221011 0.0034989923 0.1483342752 0.0009809331 0.1292469725 0.0042984898 0.7038169182 0.0022490130 0.7840269120 0.0015637861
0.10880 0.1953774897 0.0008001541 0.5066243829 0.0036130492 0.1528610920 0.0010027112 0.1430296116 0.0040811043 0.7136548736 0.0021843349 0.7804354157 0.0013889913
0.10900 0.1935031339 0.0008313865 0.4986062817 0.0037148953 0.1554743079 0.0010341934 0.1481611582 0.0042182892 0.7191350710 0.0022135864 0.7786243368 0.0013984281
0.10920 0.1875424580 0.0009773823 0.4708196469 0.0047179164 0.1635076540 0.0012581524 0.1790232058 0.0051557341 0.7346365853 0.0024414468 0.7748834077 0.0018027316
0.10940 0.1850439729 0.0009667735 0.4591883520 0.0048059661 0.1669784042 0.0012587473 0.1936617829 0.0053191636 0.7416890937 0.0023198249 0.7720104039 0.0018825065
0.10960 0.1837947154 0.0008704531 0.4568085078 0.0040660702 0.1685138972 0.0010931792 0.2070420244 0.0048963500 0.7440742044 0.0020035655 0.7698676470 0.0016725643
0.10980 0.1793522299 0.0009212208 0.4330321035 0.0046187867 0.1748098612 0.0011884797 0.2259460638 0.0049953402 0.7548419195 0.0019491864 0.7639171527 0.0017434180
0.11000 0.1765359629 0.0010183143 0.4197310086 0.0050810441 0.1789118865 0.0013009293 0.2461110394 0.0058646259 0.7616863359 0.0020381213 0.7616066545 0.0020636708
0.11020 0.1715612739 0.0010691028 0.3943921517 0.0060064744 0.1859285643 0.0014491028 0.2722158086 0.0058941693 0.7713766677 0.0021454093 0.7544635416 0.0019988228
0.11040 0.1706690635 0.0012420847 0.3864636944 0.0065987335 0.1881651820 0.0016496744 0.2792232119 0.0073955031 0.7755831277 0.0024005998 0.7544907424 0.0021980843
0.11060 0.1644746356 0.0009809571 0.3571399483 0.0055594287 0.1963401071 0.0013292999 0.3216653693 0.0058336834 0.7864474852 0.0017684552 0.7451581867 0.0020264432
0.11080 0.1612199180 0.0014999909 0.3408767651 0.0080797242 0.2008335757 0.0019778185 0.3387117252 0.0094226804 0.7925292799 0.0025312127 0.7378331779 0.0029671087
0.11100 0.1580277502 0.0010820418 0.3220655051 0.0062020825 0.2057188770 0.0014766107 0.3596058572 0.0065500510 0.7978269334 0.0018278451 0.7372166186 0.0025039841
0.11120 0.1544993835 0.0012652884 0.3016235213 0.0074323614 0.2111390952 0.0017282351 0.3786511885 0.0076609421 0.8042071043 0.0019782053 0.7314215832 0.0024183475
0.11140 0.1506523193 0.0012712934 0.2788073224 0.0075932235 0.2168897508 0.0017251177 0.4049665487 0.0076536177 0.8106465855 0.0019244394 0.7277715877 0.0028749737
0.11160 0.1451785861 0.0013062451 0.2459913944 0.0076776631 0.2248335060 0.0017803316 0.4367786553 0.0079933463 0.8189603132 0.0017973512 0.7206420714 0.0030163569
0.11180 0.1425627108 0.0014738347 0.2293680767 0.0089001247 0.2284059355 0.0020171540 0.4497286480 0.0088563927 0.8219538791 0.0019725375 0.7155294695 0.0035290931
0.11200 0.1418933962 0.0015065040 0.2269987730 0.0091929714 0.2300409390 0.0020657959 0.4588060699 0.0090526038 0.8228882058 0.0020664062 0.7113131087 0.0035369218
0.11220 0.1342219805 0.0013371350 0.1785583440 0.0082838792 0.2406906664 0.0018402902 0.5018117448 0.0079550762 0.8334784599 0.0016682623 0.7000336876 0.0037740200
0.11240 0.1311847202 0.0012565438 0.1599954046 0.0078696992 0.2458775487 0.0017549676 0.5213179843 0.0072797385 0.8382898824 0.0015308521 0.6904693918 0.0035175956
0.11260 0.1245438636 0.0010926442 0.1175866076 0.0073458302 0.2558732117 0.0015647332 0.5597088152 0.0062073468 0.8466657979 0.0012588742 0.6784849932 0.0030614895
0.11280 0.1236651778 0.0013693397 0.1076559815 0.0085951375 0.2575509336 0.0019025964 0.5625382880 0.0078602416 0.8480410544 0.0015443371 0.6837622839 0.0040522689
0.11300 0.1214219010 0.0010522719 0.0978153938 0.0070127727 0.2613800606 0.0014918751 0.5790291099 0.0058298080 0.8511689757 0.0011498966 0.6731167353 0.0033353075
0.11320 0.1158990989 0.0009214989 0.0615463292 0.0062153911 0.2694952221 0.0013177804 0.6077621860 0.0051573228 0.8563079458 0.0009580307 0.6587872573 0.0032532685
0.11340 0.1121921120 0.0010869274 0.0370836258 0.0071273196 0.2755851474 0.0015915463 0.6285619578 0.0060355414 0.8609899259 0.0011225310 0.6483301933 0.0039543737
0.11360 0.1106096268 0.0011123833 0.0264310854 0.0073029409 0.2779934010 0.0016025381 0.6360248378 0.0059477663 0.8626664029 0.0011236741 0.6420945837 0.0041944038
0.11380 0.1077485562 0.0011971092 0.0084276529 0.0071049854 0.2829808528 0.0017000083 0.6538855767 0.0063419727 0.8655798555 0.0011269129 0.6297584179 0.0045734857
0.11400 0.1039264668 0.0008411379 -0.0175145278 0.0052547111 0.2892997215 0.0012500247 0.6725447703 0.0045547416 0.8697409782 0.0008312582 0.6296480709 0.0036095578
0.11420 0.1014305905 0.0009202074 -0.0312954160 0.0055855964 0.2933201332 0.0013320196 0.6870393247 0.0046148726 0.8721684856 0.0008363843 0.6181592649 0.0041058246
0.11440 0.0995539992 0.0010155335 -0.0497517097 0.0061709121 0.2966804690 0.0014926046 0.6936166571 0.0051830825 0.8747402190 0.0009358484 0.6136761470 0.0045156491
0.11460 0.0961878712 0.0007541911 -0.0592832688 0.0046673579 0.3018520285 0.0011327051 0.7113304296 0.0038559696 0.8769714311 0.0006774217 0.6031839792 0.0039367442
0.11480 0.0933549003 0.0008239077 -0.0745042966 0.0048361610 0.3066820483 0.0012328218 0.7262472076 0.0040063461 0.8803641489 0.0007133853 0.5874707213 0.0041767608
0.11500 0.0918972756 0.0008351581 -0.0868358251 0.0051741345 0.3092966477 0.0012563699 0.7326795828 0.0041001588 0.8817229169 0.0007228831 0.5827731027 0.0046660296
0.11520 0.0882156993 0.0007102144 -0.1098695508 0.0051529096 0.3153079997 0.0011023948 0.7483152252 0.0034769230 0.8847226644 0.0006387125 0.5765375119 0.0049156184
0.11540 0.0876700731 0.0006746143 -0.1137406450 0.0046366014 0.3170685792 0.0010299874 0.7523996219 0.0030708780 0.8854175826 0.0005785457 0.5707325291 0.0040479372
0.11560 0.0866678314 0.0007774081 -0.1127103486 0.0045261404 0.3190754132 0.0011718388 0.7583985230 0.0036261336 0.8868656910 0.0006275292 0.5625458120 0.0048986756
0.11580 0.0836518800 0.0005807760 -0.1237024531 0.0040432191 0.3237060183 0.0008949563 0.7719526970 0.0025364958 0.8889585151 0.0005119973 0.5508020219 0.0040453519
0.11600 0.0827343451 0.0007000564 -0.1357751040 0.0040983372 0.3259141821 0.0010688051 0.7748948874 0.0032972408 0.8902273651 0.0005421305 0.5448184985 0.0046406988
0.11620 0.0818555049 0.0005725957 -0.1341962125 0.0042476772 0.3271849678 0.0008995119 0.7776569794 0.0026057385 0.8906032186 0.0004555862 0.5389023952 0.0043481653
0.11640 0.0793053851 0.0005688278 -0.1507740210 0.0042716031 0.3319879890 0.0008855952 0.7898456780 0.0025170146 0.8932434932 0.0004869310 0.5309526350 0.0044868715
0.11660 0.0784383169 0.0006066829 -0.1582398160 0.0040442003 0.3340989056 0.0009135069 0.7935681310 0.0025620410 0.8938638274 0.0004396382 0.5210255570 0.0050883878
0.11680 0.0777790568 0.0005237617 -0.1601216889 0.0040680052 0.3353126028 0.0008197863 0.7963143949 0.0022829363 0.8943559410 0.0004340241 0.5211707204 0.0045650437
0.11700 0.0764000413 0.0005319277 -0.1656946800 0.0037893063 0.3379751958 0.0008196903 0.8008815543 0.0022343019 0.8959706805 0.0004063935 0.5162926579 0.0045161281
0.11720 0.0735766945 0.0005034926 -0.1698887654 0.0038262911 0.3427242383 0.0007757237 0.8121639419 0.0020620999 0.8977103522 0.0003848260 0.5036577686 0.0049679975
0.11740 0.0736394502 0.0004820175 -0.1688127453 0.0042739943 0.3432826880 0.0007812925 0.8129329012 0.0020270258 0.8983422819 0.0004113049 0.5139163648 0.0042396303
0.11760 0.0729301823 0.0004416404 -0.1750204449 0.0039495462 0.3444712469 0.0006780607 0.8151612858 0.0018253912 0.8987864062 0.0003483173 0.5021398656 0.0049747466
0.11780 0.0714207125 0.0004541124 -0.1825687882 0.0034195268 0.3479167576 0.0007418786 0.8215543894 0.0018681372 0.9000781245 0.0003838673 0.4914436533 0.0045774566
0.11800 0.0704414745 0.0004440806 -0.1778359238 0.0033433300 0.3497143840 0.0007240251 0.8259093459 0.0018372015 0.9008542391 0.0003706561 0.4894939682 0.0042598176
0.11820 0.0697575466 0.0004142324 -0.1877305764 0.0033880154 0.3516048539 0.0006876667 0.8281578732 0.0016772606 0.9020700002 0.0003226914 0.4762502662 0.0046761277
0.11840 0.0676650912 0.0003295348 -0.1857607818 0.0035645550 0.3551752542 0.0005605906 0.8358728643 0.0013051396 0.9032002271 0.0002950733 0.4638432491 0.0044023415
0.11860 0.0673958467 0.0003451228 -0.1800305536 0.0033844042 0.3558204074 0.0006007299 0.8374567435 0.0013352169 0.9033210460 0.0003178917 0.4648033601 0.0043915672
0.11880 0.0676650071 0.0003459338 -0.1930005489 0.0038381260 0.3562959467 0.0005506384 0.8368058742 0.0013359120 0.9034215988 0.0003035297 0.4692846544 0.0039078895
0.11900 0.0664741662 0.0003416753 -0.1979053281 0.0043048335 0.3582198119 0.0005990072 0.8401991129 0.0013385790 0.9046009531 0.0003164879 0.4603198644 0.0044516063
0.11920 0.0653266946 0.0002811856 -0.1911216213 0.0032596943 0.3608345373 0.0004631026 0.8453934023 0.0010094661 0.9055701204 0.0002473766 0.4565579496 0.0042366769
0.11940 0.0646404607 0.0003097951 -0.1999129664 0.0038718105 0.3624043734 0.0005242331 0.8468111126 0.0011644615 0.9059558785 0.0002673494 0.4487743412 0.0043038195
0.11960 0.0639639585 0.0002900236 -0.1972485855 0.0032787393 0.3636822418 0.0004733504 0.8499715080 0.0010371621 0.9066767037 0.0002176479 0.4432303235 0.0043397004
0.11980 0.0632963314 0.0002659403 -0.2020211050 0.0034213279 0.3652884260 0.0004526970 0.8521763525 0.0009891136 0.9070709174 0.0002443871 0.4398360618 0.0041643035
0.12000 0.0627960566 0.0002871233 -0.2050599093 0.0036084325 0.3666268501 0.0004762070 0.8536783793 0.0010520940 0.9074638535 0.0002697584 0.4318223561 0.0044191230
